Ensayo,Estimulo,Respuesta,Correcto,Aciertos,Errores,Hits,ContadorH,Rechazos,ContadorR,Falsas.alarmas,ContadorF,Omisiones,ContadorM,Confidence,RTime1,RTime1b,RTime2,Color,X,facilidad,senal,tipo,choice,outcome,Exito,HR6,FR6,HR5,FR5,HR4,FR4,HR3,FR3,HR2,FR2,HR1,FR1
0,107,s,True,1,0,True,1,False,0,False,0,False,0,5,8.768654108,7.267542124,2.806763887,Naranja,NA,pocos,senal,4 AS,1,4,1,0,0,1,0,1,0,1,0,1,0,1,0
1,593,n,True,2,0,False,1,True,1,False,0,False,0,1,5.248275995,3.747153997,2.606544971,Azul,NA,muchos,ruido,2 BN,0,3,1,0,0,0,0,0,0,0,0,0,0,0,1
2,540,s,False,2,1,False,1,False,1,True,1,False,0,5,8.063503027,6.56230402,2.907727003,Naranja,NA,muchos,ruido,2 BN,1,1,0,0,0,0,1,0,1,0,1,0,1,0,1
3,590,n,True,3,1,False,1,True,2,False,1,False,0,1,3.846530914,2.345416069,2.406018972,Azul,NA,muchos,ruido,2 BN,0,3,1,0,0,0,0,0,0,0,0,0,0,0,1
5,113,s,True,5,1,True,2,False,3,False,1,False,0,5,5.159792185,3.658652067,1.80456996,Naranja,NA,pocos,senal,4 AS,1,4,1,0,0,1,0,1,0,1,0,1,0,1,0
6,598,n,True,6,1,False,2,True,4,False,1,False,0,1,2.648601055,1.147400856,2.105545044,Verde,NA,muchos,ruido,2 BN,0,3,1,0,0,0,0,0,0,0,0,0,0,0,1
7,49,s,True,7,1,True,3,False,4,False,1,False,0,5,3.953029871,2.451925993,2.506155968,Naranja,NA,pocos,senal,4 AS,1,4,1,0,0,1,0,1,0,1,0,1,0,1,0
9,400,n,False,8,2,False,3,False,5,False,1,True,1,2,3.050354958,1.549250841,2.105556011,Azul,NA,muchos,senal,3 BS,0,2,0,0,0,0,0,0,0,0,0,1,0,1,0
10,20,s,True,9,2,True,4,False,5,False,1,False,1,5,4.761394024,3.260344982,1.704449892,Azul,NA,pocos,senal,4 AS,1,4,1,0,0,1,0,1,0,1,0,1,0,1,0
11,449,n,False,9,3,False,4,False,5,False,1,True,2,2,3.651095152,2.149991989,2.004695892,Azul,NA,muchos,senal,3 BS,0,2,0,0,0,0,0,0,0,0,0,1,0,1,0
12,481,s,False,9,4,False,4,False,5,True,2,False,2,5,5.756271839,4.255141974,1.102910995,Azul,NA,muchos,ruido,2 BN,1,1,0,0,0,0,1,0,1,0,1,0,1,0,1
13,130,s,True,10,4,True,5,False,5,False,2,False,2,6,2.955596924,1.454360008,1.103328943,Verde,NA,pocos,senal,4 AS,1,4,1,1,0,1,0,1,0,1,0,1,0,1,0
16,322,n,False,12,5,False,5,False,7,False,2,True,3,2,3.651717901,2.150635958,0.802266121,Verde,NA,muchos,senal,3 BS,0,2,0,0,0,0,0,0,0,0,0,1,0,1,0
17,86,s,True,13,5,True,6,False,7,False,2,False,3,6,3.144542217,1.643400192,3.10816884,Purpura,NA,pocos,senal,4 AS,1,4,1,1,0,1,0,1,0,1,0,1,0,1,0
18,235,n,True,14,5,False,6,True,8,False,2,False,3,2,3.443459988,1.942399025,0.801846027,Naranja,NA,pocos,ruido,1 AN,0,3,1,0,0,0,0,0,0,0,0,0,1,0,1
20,109,s,True,16,5,True,7,False,9,False,2,False,3,5,3.25592494,1.754856825,1.202975988,Azul,NA,pocos,senal,4 AS,1,4,1,0,0,1,0,1,0,1,0,1,0,1,0
22,33,n,False,17,6,False,7,False,10,False,2,True,4,2,3.054938078,1.554191113,1.002596855,Naranja,NA,pocos,senal,4 AS,0,2,0,0,0,0,0,0,0,0,0,1,0,1,0
23,480,s,True,18,6,True,8,False,10,False,2,False,4,6,2.951409101,1.450266123,1.103344917,Verde,NA,muchos,senal,3 BS,1,4,1,1,0,1,0,1,0,1,0,1,0,1,0
25,586,n,True,20,6,False,8,True,12,False,2,False,4,2,3.052026033,1.550853014,1.002774,Purpura,NA,muchos,ruido,2 BN,0,3,1,0,0,0,0,0,0,0,0,0,1,0,1
26,180,s,False,20,7,False,8,False,12,True,3,False,4,6,4.145528078,2.644345045,3.408583879,Azul,NA,pocos,ruido,1 AN,1,1,0,0,1,0,1,0,1,0,1,0,1,0,1
27,329,s,True,21,7,True,9,False,12,False,3,False,4,5,5.858455181,4.357371092,1.704050064,Purpura,NA,muchos,senal,3 BS,1,4,1,0,0,1,0,1,0,1,0,1,0,1,0
28,23,s,True,22,7,True,10,False,12,False,3,False,4,5,10.46900821,8.967895985,1.404837847,Azul,NA,pocos,senal,4 AS,1,4,1,0,0,1,0,1,0,1,0,1,0,1,0
29,158,s,True,23,7,True,11,False,12,False,3,False,4,6,2.753101826,1.252029896,2.005001068,Naranja,NA,pocos,senal,4 AS,1,4,1,1,0,1,0,1,0,1,0,1,0,1,0
30,393,s,True,24,7,True,12,False,12,False,3,False,4,5,3.956702948,2.456198931,1.203114986,Purpura,NA,muchos,senal,3 BS,1,4,1,0,0,1,0,1,0,1,0,1,0,1,0
31,483,n,True,25,7,False,12,True,13,False,3,False,4,2,11.67228413,10.17173505,1.704640865,Verde,NA,muchos,ruido,2 BN,0,3,1,0,0,0,0,0,0,0,0,0,1,0,1
33,536,n,True,27,7,False,12,True,15,False,3,False,4,1,4.554304123,3.053176165,0.802277088,Azul,NA,muchos,ruido,2 BN,0,3,1,0,0,0,0,0,0,0,0,0,0,0,1
36,78,s,True,30,7,True,13,False,17,False,3,False,4,5,3.050250053,1.54906702,0.802101135,Naranja,NA,pocos,senal,4 AS,1,4,1,0,0,1,0,1,0,1,0,1,0,1,0
38,73,s,True,32,7,True,14,False,18,False,3,False,4,6,3.845622063,2.344484091,3.509038925,Purpura,NA,pocos,senal,4 AS,1,4,1,1,0,1,0,1,0,1,0,1,0,1,0
39,454,n,False,32,8,False,14,False,18,False,3,True,5,2,5.156244993,3.655145168,1.203191996,Verde,NA,muchos,senal,3 BS,0,2,0,0,0,0,0,0,0,0,0,1,0,1,0
40,390,s,True,33,8,True,15,False,18,False,3,False,5,5,8.06092,6.559753895,0.601724863,Purpura,NA,muchos,senal,3 BS,1,4,1,0,0,1,0,1,0,1,0,1,0,1,0
41,412,s,True,34,8,True,16,False,18,False,3,False,5,5,4.254575014,2.753517866,0.701756954,Azul,NA,muchos,senal,3 BS,1,4,1,0,0,1,0,1,0,1,0,1,0,1,0
42,196,s,False,34,9,False,16,False,18,True,4,False,5,6,4.257670164,2.756494045,1.603828907,Azul,NA,pocos,ruido,1 AN,1,1,0,0,1,0,1,0,1,0,1,0,1,0,1
43,164,s,False,34,10,False,16,False,18,True,5,False,5,6,3.056248903,1.555107832,0.801741123,Azul,NA,pocos,ruido,1 AN,1,1,0,0,1,0,1,0,1,0,1,0,1,0,1
45,61,s,True,36,10,True,17,False,19,False,5,False,5,5,4.557788134,3.056554079,1.60413003,Azul,NA,pocos,senal,4 AS,1,4,1,0,0,1,0,1,0,1,0,1,0,1,0
46,187,s,False,36,11,False,17,False,19,True,6,False,5,6,3.154157162,1.652956009,0.902694941,Naranja,NA,pocos,ruido,1 AN,1,1,0,0,1,0,1,0,1,0,1,0,1,0,1
47,220,n,True,37,11,False,17,True,20,False,6,False,5,2,4.357709885,2.856523991,1.002564907,Verde,NA,pocos,ruido,1 AN,0,3,1,0,0,0,0,0,0,0,0,0,1,0,1
48,494,n,True,38,11,False,17,True,21,False,6,False,5,2,3.552437067,2.051224947,1.50386095,Azul,NA,muchos,ruido,2 BN,0,3,1,0,0,0,0,0,0,0,0,0,1,0,1
49,517,n,True,39,11,False,17,True,22,False,6,False,5,1,4.054136992,2.552945852,1.503930092,Naranja,NA,muchos,ruido,2 BN,0,3,1,0,0,0,0,0,0,0,0,0,0,0,1
50,142,s,True,40,11,True,18,False,22,False,6,False,5,6,3.84503293,2.343895912,0.501213789,Naranja,NA,pocos,senal,4 AS,1,4,1,1,0,1,0,1,0,1,0,1,0,1,0
51,115,s,True,41,11,True,19,False,22,False,6,False,5,6,4.258589029,2.757371902,0.501363039,Purpura,NA,pocos,senal,4 AS,1,4,1,1,0,1,0,1,0,1,0,1,0,1,0
52,596,n,True,42,11,False,19,True,23,False,6,False,5,1,3.251337051,1.750194073,0.501338005,Purpura,NA,muchos,ruido,2 BN,0,3,1,0,0,0,0,0,0,0,0,0,0,0,1
53,580,n,True,43,11,False,19,True,24,False,6,False,5,2,3.452098131,1.950932026,0.902124882,Purpura,NA,muchos,ruido,2 BN,0,3,1,0,0,0,0,0,0,0,0,0,1,0,1
54,153,s,True,44,11,True,20,False,24,False,6,False,5,6,3.255511999,1.754304171,0.501205921,Purpura,NA,pocos,senal,4 AS,1,4,1,1,0,1,0,1,0,1,0,1,0,1,0
55,256,n,True,45,11,False,20,True,25,False,6,False,5,1,2.854267836,1.353101969,0.50138998,Purpura,NA,pocos,ruido,1 AN,0,3,1,0,0,0,0,0,0,0,0,0,0,0,1
56,179,s,False,45,12,False,20,False,25,True,7,False,5,6,3.344875813,1.843749046,0.401101112,Purpura,NA,pocos,ruido,1 AN,1,1,0,0,1,0,1,0,1,0,1,0,1,0,1
57,326,s,True,46,12,True,21,False,25,False,7,False,5,5,8.262923002,6.761733055,2.105451822,Purpura,NA,muchos,senal,3 BS,1,4,1,0,0,1,0,1,0,1,0,1,0,1,0
58,198,n,True,47,12,False,21,True,26,False,7,False,5,2,3.355890989,1.85473299,1.00262785,Purpura,NA,pocos,ruido,1 AN,0,3,1,0,0,0,0,0,0,0,0,0,1,0,1
59,462,s,True,48,12,True,22,False,26,False,7,False,5,6,4.654425859,3.153373957,1.404009819,Azul,NA,muchos,senal,3 BS,1,4,1,1,0,1,0,1,0,1,0,1,0,1,0
60,591,n,True,49,12,False,22,True,27,False,7,False,5,1,2.653341055,1.152850151,0.501498938,Naranja,NA,muchos,ruido,2 BN,0,3,1,0,0,0,0,0,0,0,0,0,0,0,1
61,504,n,True,50,12,False,22,True,28,False,7,False,5,2,4.855712175,3.354545116,0.501379013,Azul,NA,muchos,ruido,2 BN,0,3,1,0,0,0,0,0,0,0,0,0,1,0,1
62,328,s,True,51,12,True,23,False,28,False,7,False,5,5,5.85628581,4.355178833,1.102813959,Verde,NA,muchos,senal,3 BS,1,4,1,0,0,1,0,1,0,1,0,1,0,1,0
63,80,s,True,52,12,True,24,False,28,False,7,False,5,6,3.545785904,2.044655085,0.70152998,Purpura,NA,pocos,senal,4 AS,1,4,1,1,0,1,0,1,0,1,0,1,0,1,0
65,16,s,True,54,12,True,25,False,29,False,7,False,5,6,2.749891043,1.248835087,0.30100894,Purpura,NA,pocos,senal,4 AS,1,4,1,1,0,1,0,1,0,1,0,1,0,1,0
66,243,s,False,54,13,False,25,False,29,True,8,False,5,5,3.556407928,2.05518198,0.601569891,Purpura,NA,pocos,ruido,1 AN,1,1,0,0,0,0,1,0,1,0,1,0,1,0,1
67,90,s,True,55,13,True,26,False,29,False,8,False,5,5,11.97595882,10.47482514,1.003171921,Azul,NA,pocos,senal,4 AS,1,4,1,0,0,1,0,1,0,1,0,1,0,1,0
68,585,n,True,56,13,False,26,True,30,False,8,False,5,1,2.553716898,1.053100109,0.401206017,Verde,NA,muchos,ruido,2 BN,0,3,1,0,0,0,0,0,0,0,0,0,0,0,1
69,103,s,True,57,13,True,27,False,30,False,8,False,5,6,6.363807917,4.862735987,0.601449013,Azul,NA,pocos,senal,4 AS,1,4,1,1,0,1,0,1,0,1,0,1,0,1,0
70,363,n,False,57,14,False,27,False,30,False,8,True,6,2,3.252100945,1.751001835,1.202951193,Verde,NA,muchos,senal,3 BS,0,2,0,0,0,0,0,0,0,0,0,1,0,1,0
72,134,s,True,59,14,True,28,False,31,False,8,False,6,6,2.754013062,1.252853155,1.102839947,Purpura,NA,pocos,senal,4 AS,1,4,1,1,0,1,0,1,0,1,0,1,0,1,0
73,584,n,True,60,14,False,28,True,32,False,8,False,6,1,2.549304962,1.048218012,0.702069998,Azul,NA,muchos,ruido,2 BN,0,3,1,0,0,0,0,0,0,0,0,0,0,0,1
74,554,s,False,60,15,False,28,False,32,True,9,False,6,5,3.150029898,1.648900986,0.601630926,Purpura,NA,muchos,ruido,2 BN,1,1,0,0,0,0,1,0,1,0,1,0,1,0,1
75,423,s,True,61,15,True,29,False,32,False,9,False,6,4,6.960372925,5.459322929,0.902238846,Purpura,NA,muchos,senal,3 BS,1,4,1,0,0,0,0,1,0,1,0,1,0,1,0
76,455,s,True,62,15,True,30,False,32,False,9,False,6,5,7.259305,5.758102179,1.604089975,Azul,NA,muchos,senal,3 BS,1,4,1,0,0,1,0,1,0,1,0,1,0,1,0
77,60,s,True,63,15,True,31,False,32,False,9,False,6,5,3.155874014,1.654736996,0.902354002,Verde,NA,pocos,senal,4 AS,1,4,1,0,0,1,0,1,0,1,0,1,0,1,0
78,140,s,True,64,15,True,32,False,32,False,9,False,6,6,2.842524052,1.341434956,0.601562977,Verde,NA,pocos,senal,4 AS,1,4,1,1,0,1,0,1,0,1,0,1,0,1,0
79,486,n,True,65,15,False,32,True,33,False,9,False,6,1,2.950517893,1.449692011,1.20302701,Verde,NA,muchos,ruido,2 BN,0,3,1,0,0,0,0,0,0,0,0,0,0,0,1
81,183,n,True,67,15,False,32,True,35,False,9,False,6,1,2.743749857,1.242634058,0.501217842,Azul,NA,pocos,ruido,1 AN,0,3,1,0,0,0,0,0,0,0,0,0,0,0,1
82,392,n,False,67,16,False,32,False,35,False,9,True,7,2,3.250699997,1.749614954,0.902163982,Verde,NA,muchos,senal,3 BS,0,2,0,0,0,0,0,0,0,0,0,1,0,1,0
83,401,s,True,68,16,True,33,False,35,False,9,False,7,5,3.251572132,1.750487089,0.701792002,Naranja,NA,muchos,senal,3 BS,1,4,1,0,0,1,0,1,0,1,0,1,0,1,0
84,193,s,False,68,17,False,33,False,35,True,10,False,7,6,3.356121063,1.85553813,1.002654076,Naranja,NA,pocos,ruido,1 AN,1,1,0,0,1,0,1,0,1,0,1,0,1,0,1
85,15,n,False,68,18,False,33,False,35,False,10,True,8,2,3.043139935,1.542056084,0.401362896,Verde,NA,pocos,senal,4 AS,0,2,0,0,0,0,0,0,0,0,0,1,0,1,0
86,39,s,True,69,18,True,34,False,35,False,10,False,8,5,2.854298115,1.35374999,0.702131033,Azul,NA,pocos,senal,4 AS,1,4,1,0,0,1,0,1,0,1,0,1,0,1,0
87,249,n,True,70,18,False,34,True,36,False,10,False,8,2,4.859647036,3.358535051,1.002605915,Purpura,NA,pocos,ruido,1 AN,0,3,1,0,0,0,0,0,0,0,0,0,1,0,1
88,278,n,True,71,18,False,34,True,37,False,10,False,8,1,2.754036903,1.252878904,1.002482891,Purpura,NA,pocos,ruido,1 AN,0,3,1,0,0,0,0,0,0,0,0,0,0,0,1
89,260,n,True,72,18,False,34,True,38,False,10,False,8,1,4.358082056,2.856961012,0.701689959,Azul,NA,pocos,ruido,1 AN,0,3,1,0,0,0,0,0,0,0,0,0,0,0,1
90,394,s,True,73,18,True,35,False,38,False,10,False,8,5,3.451307058,1.950212002,3.307961941,Azul,NA,muchos,senal,3 BS,1,4,1,0,0,1,0,1,0,1,0,1,0,1,0
91,58,s,True,74,18,True,36,False,38,False,10,False,8,5,6.462970018,4.961694002,1.202975035,Azul,NA,pocos,senal,4 AS,1,4,1,0,0,1,0,1,0,1,0,1,0,1,0
92,203,s,False,74,19,False,36,False,38,True,11,False,8,5,3.442025185,1.94088912,0.802551031,Naranja,NA,pocos,ruido,1 AN,1,1,0,0,0,0,1,0,1,0,1,0,1,0,1
93,437,n,False,74,20,False,36,False,38,False,11,True,9,2,5.561408043,4.060348988,1.102689981,Naranja,NA,muchos,senal,3 BS,0,2,0,0,0,0,0,0,0,0,0,1,0,1,0
94,340,s,True,75,20,True,37,False,38,False,11,False,9,5,7.662258148,6.161153078,3.007292986,Naranja,NA,muchos,senal,3 BS,1,4,1,0,0,1,0,1,0,1,0,1,0,1,0
95,22,s,True,76,20,True,38,False,38,False,11,False,9,6,3.543841124,2.04279089,0.501384974,Purpura,NA,pocos,senal,4 AS,1,4,1,1,0,1,0,1,0,1,0,1,0,1,0
96,97,s,True,77,20,True,39,False,38,False,11,False,9,5,4.959473133,3.458240032,1.403721094,Naranja,NA,pocos,senal,4 AS,1,4,1,0,0,1,0,1,0,1,0,1,0,1,0
97,496,n,True,78,20,False,39,True,39,False,11,False,9,2,3.251976967,1.750827074,0.701858044,Verde,NA,muchos,ruido,2 BN,0,3,1,0,0,0,0,0,0,0,0,0,1,0,1
98,478,s,True,79,20,True,40,False,39,False,11,False,9,6,3.057085991,1.555859089,0.501394987,Azul,NA,muchos,senal,3 BS,1,4,1,1,0,1,0,1,0,1,0,1,0,1,0
99,555,s,False,79,21,False,40,False,39,True,12,False,9,5,4.654779911,3.153629065,1.303400993,Azul,NA,muchos,ruido,2 BN,1,1,0,0,0,0,1,0,1,0,1,0,1,0,1
100,95,s,True,80,21,True,41,False,39,False,12,False,9,6,2.954763889,1.453638792,0.601650953,Verde,NA,pocos,senal,4 AS,1,4,1,1,0,1,0,1,0,1,0,1,0,1,0
101,430,s,True,81,21,True,42,False,39,False,12,False,9,6,3.751718044,2.250495911,0.300989866,Azul,NA,muchos,senal,3 BS,1,4,1,1,0,1,0,1,0,1,0,1,0,1,0
103,173,n,True,83,21,False,42,True,41,False,12,False,9,1,2.550314903,1.049157858,0.30085206,Azul,NA,pocos,ruido,1 AN,0,3,1,0,0,0,0,0,0,0,0,0,0,0,1
106,207,n,True,86,21,False,42,True,44,False,12,False,9,1,3.844480038,2.343312025,2.005151987,Verde,NA,pocos,ruido,1 AN,0,3,1,0,0,0,0,0,0,0,0,0,0,0,1
107,270,n,True,87,21,False,42,True,45,False,12,False,9,1,3.142842054,1.641652107,0.701801062,Naranja,NA,pocos,ruido,1 AN,0,3,1,0,0,0,0,0,0,0,0,0,0,0,1
108,520,n,True,88,21,False,42,True,46,False,12,False,9,1,3.851773024,2.350569963,0.601538897,Azul,NA,muchos,ruido,2 BN,0,3,1,0,0,0,0,0,0,0,0,0,0,0,1
109,114,s,True,89,21,True,43,False,46,False,12,False,9,6,4.846779108,3.345715046,0.601702929,Verde,NA,pocos,senal,4 AS,1,4,1,1,0,1,0,1,0,1,0,1,0,1,0
110,48,s,True,90,21,True,44,False,46,False,12,False,9,6,5.952114105,4.451053143,0.902323008,Purpura,NA,pocos,senal,4 AS,1,4,1,1,0,1,0,1,0,1,0,1,0,1,0
111,9,s,True,91,21,True,45,False,46,False,12,False,9,6,3.24408102,1.742920876,0.601634979,Purpura,NA,pocos,senal,4 AS,1,4,1,1,0,1,0,1,0,1,0,1,0,1,0
112,600,n,True,92,21,False,45,True,47,False,12,False,9,1,2.549180031,1.048404932,0.602044821,Azul,NA,muchos,ruido,2 BN,0,3,1,0,0,0,0,0,0,0,0,0,0,0,1
113,443,s,True,93,21,True,46,False,47,False,12,False,9,6,3.056180954,1.554958105,0.601447105,Azul,NA,muchos,senal,3 BS,1,4,1,1,0,1,0,1,0,1,0,1,0,1,0
114,66,s,True,94,21,True,47,False,47,False,12,False,9,5,2.75504303,1.253922939,0.501299858,Verde,NA,pocos,senal,4 AS,1,4,1,0,0,1,0,1,0,1,0,1,0,1,0
115,209,s,False,94,22,False,47,False,47,True,13,False,9,5,3.745404959,2.244331837,0.701737881,Naranja,NA,pocos,ruido,1 AN,1,1,0,0,0,0,1,0,1,0,1,0,1,0,1
116,143,s,True,95,22,True,48,False,47,False,13,False,9,6,2.041030884,0.54082799,1.704388142,Verde,NA,pocos,senal,4 AS,1,4,1,1,0,1,0,1,0,1,0,1,0,1,0
118,333,s,True,97,22,True,49,False,48,False,13,False,9,5,2.953709126,1.453186035,0.601730108,Azul,NA,muchos,senal,3 BS,1,4,1,0,0,1,0,1,0,1,0,1,0,1,0
120,566,n,True,99,22,False,49,True,50,False,13,False,9,1,2.148391008,0.647204161,0.601489067,Verde,NA,muchos,ruido,2 BN,0,3,1,0,0,0,0,0,0,0,0,0,0,0,1
121,170,s,False,99,23,False,49,False,50,True,14,False,9,6,2.75009203,1.248984098,0.501242161,Azul,NA,pocos,ruido,1 AN,1,1,0,0,1,0,1,0,1,0,1,0,1,0,1
122,530,s,False,99,24,False,49,False,50,True,15,False,9,6,2.74998498,1.248795033,0.501425982,Naranja,NA,muchos,ruido,2 BN,1,1,0,0,1,0,1,0,1,0,1,0,1,0,1
123,410,s,True,100,24,True,50,False,50,False,15,False,9,6,2.349828005,0.848687887,2.205748081,Azul,NA,muchos,senal,3 BS,1,4,1,1,0,1,0,1,0,1,0,1,0,1,0
124,588,n,True,101,24,False,50,True,51,False,15,False,9,1,2.749812841,1.248736858,0.802079916,Naranja,NA,muchos,ruido,2 BN,0,3,1,0,0,0,0,0,0,0,0,0,0,0,1
125,344,s,True,102,24,True,51,False,51,False,15,False,9,5,3.251425982,1.750192881,0.601567984,Verde,NA,muchos,senal,3 BS,1,4,1,0,0,1,0,1,0,1,0,1,0,1,0
126,129,s,True,103,24,True,52,False,51,False,15,False,9,5,2.053852797,0.552780151,0.802205801,Naranja,NA,pocos,senal,4 AS,1,4,1,0,0,1,0,1,0,1,0,1,0,1,0
127,239,n,True,104,24,False,52,True,52,False,15,False,9,2,2.742773771,1.24157095,0.501296997,Verde,NA,pocos,ruido,1 AN,0,3,1,0,0,0,0,0,0,0,0,0,1,0,1
128,456,s,True,105,24,True,53,False,52,False,15,False,9,6,2.349400997,0.848272085,0.401242971,Purpura,NA,muchos,senal,3 BS,1,4,1,1,0,1,0,1,0,1,0,1,0,1,0
129,564,s,False,105,25,False,53,False,52,True,16,False,9,6,3.952476978,2.452012062,0.501876116,Purpura,NA,muchos,ruido,2 BN,1,1,0,0,1,0,1,0,1,0,1,0,1,0,1
130,479,s,True,106,25,True,54,False,52,False,16,False,9,6,3.151565075,1.650481939,1.303956032,Naranja,NA,muchos,senal,3 BS,1,4,1,1,0,1,0,1,0,1,0,1,0,1,0
132,51,s,True,108,25,True,55,False,53,False,16,False,9,6,6.451102972,4.9499681,2.40605092,Purpura,NA,pocos,senal,4 AS,1,4,1,1,0,1,0,1,0,1,0,1,0,1,0
133,361,s,True,109,25,True,56,False,53,False,16,False,9,5,3.351376057,1.850238085,0.701817989,Purpura,NA,muchos,senal,3 BS,1,4,1,0,0,1,0,1,0,1,0,1,0,1,0
135,382,n,False,110,26,False,56,False,54,False,16,True,10,2,4.55429697,3.053156853,0.50138402,Naranja,NA,muchos,senal,3 BS,0,2,0,0,0,0,0,0,0,0,0,1,0,1,0
136,135,s,True,111,26,True,57,False,54,False,16,False,10,6,2.655318022,1.154143095,0.401645899,Azul,NA,pocos,senal,4 AS,1,4,1,1,0,1,0,1,0,1,0,1,0,1,0
137,174,n,True,112,26,False,57,True,55,False,16,False,10,2,2.742616892,1.241508007,0.501487017,Naranja,NA,pocos,ruido,1 AN,0,3,1,0,0,0,0,0,0,0,0,0,1,0,1
138,589,n,True,113,26,False,57,True,56,False,16,False,10,1,2.550113916,1.048936844,0.701869011,Purpura,NA,muchos,ruido,2 BN,0,3,1,0,0,0,0,0,0,0,0,0,0,0,1
139,152,s,True,114,26,True,58,False,56,False,16,False,10,6,2.253098011,0.751917839,0.501444101,Naranja,NA,pocos,senal,4 AS,1,4,1,1,0,1,0,1,0,1,0,1,0,1,0
140,275,n,True,115,26,False,58,True,57,False,16,False,10,2,2.754546165,1.253415108,0.701887846,Purpura,NA,pocos,ruido,1 AN,0,3,1,0,0,0,0,0,0,0,0,0,1,0,1
141,373,n,False,115,27,False,58,False,57,False,16,True,11,2,3.653435946,2.15229702,1.704053879,Verde,NA,muchos,senal,3 BS,0,2,0,0,0,0,0,0,0,0,0,1,0,1,0
142,27,s,True,116,27,True,59,False,57,False,16,False,11,6,4.859226942,3.358136892,2.406187058,Naranja,NA,pocos,senal,4 AS,1,4,1,1,0,1,0,1,0,1,0,1,0,1,0
143,263,s,False,116,28,False,59,False,57,True,17,False,11,6,4.358965874,2.857839108,1.904680014,Azul,NA,pocos,ruido,1 AN,1,1,0,0,1,0,1,0,1,0,1,0,1,0,1
144,200,n,True,117,28,False,59,True,58,False,17,False,11,2,3.85599184,2.354852915,2.807047844,Naranja,NA,pocos,ruido,1 AN,0,3,1,0,0,0,0,0,0,0,0,0,1,0,1
147,415,n,False,119,29,False,59,False,60,False,17,True,12,2,4.553881168,3.052688122,1.102669001,Azul,NA,muchos,senal,3 BS,0,2,0,0,0,0,0,0,0,0,0,1,0,1,0
148,182,n,True,120,29,False,59,True,61,False,17,False,12,2,3.444389105,1.943337202,1.403722048,Purpura,NA,pocos,ruido,1 AN,0,3,1,0,0,0,0,0,0,0,0,0,1,0,1
149,237,n,True,121,29,False,59,True,62,False,17,False,12,2,4.446582079,2.945495844,0.601991892,Azul,NA,pocos,ruido,1 AN,0,3,1,0,0,0,0,0,0,0,0,0,1,0,1
150,507,s,False,121,30,False,59,False,62,True,18,False,12,6,3.551540852,2.050331831,1.102970123,Azul,NA,muchos,ruido,2 BN,1,1,0,0,1,0,1,0,1,0,1,0,1,0,1
151,343,n,False,121,31,False,59,False,62,False,18,True,13,2,2.853379965,1.352649927,1.002562046,Naranja,NA,muchos,senal,3 BS,0,2,0,0,0,0,0,0,0,0,0,1,0,1,0
152,346,n,False,121,32,False,59,False,62,False,18,True,14,3,8.86473918,7.363478184,3.107870817,Azul,NA,muchos,senal,3 BS,0,2,0,0,0,0,0,0,0,1,0,1,0,1,0
153,510,n,True,122,32,False,59,True,63,False,18,False,14,2,3.251401901,1.750020981,0.802088022,Azul,NA,muchos,ruido,2 BN,0,3,1,0,0,0,0,0,0,0,0,0,1,0,1
154,491,s,False,122,33,False,59,False,63,True,19,False,14,5,3.751335144,2.250146151,1.002807856,Azul,NA,muchos,ruido,2 BN,1,1,0,0,0,0,1,0,1,0,1,0,1,0,1
155,597,n,True,123,33,False,59,True,64,False,19,False,14,1,2.849720001,1.34888792,0.902873039,Naranja,NA,muchos,ruido,2 BN,0,3,1,0,0,0,0,0,0,0,0,0,0,0,1
156,83,s,True,124,33,True,60,False,64,False,19,False,14,5,5.262487173,3.761348009,0.902185917,Purpura,NA,pocos,senal,4 AS,1,4,1,0,0,1,0,1,0,1,0,1,0,1,0
157,101,s,True,125,33,True,61,False,64,False,19,False,14,5,6.063124895,4.562034845,0.501186848,Verde,NA,pocos,senal,4 AS,1,4,1,0,0,1,0,1,0,1,0,1,0,1,0
158,539,s,False,125,34,False,61,False,64,True,20,False,14,6,3.250384092,1.749214172,0.401108027,Azul,NA,muchos,ruido,2 BN,1,1,0,0,1,0,1,0,1,0,1,0,1,0,1
159,365,s,True,126,34,True,62,False,64,False,20,False,14,4,7.561103106,6.060008049,1.303314924,Azul,NA,muchos,senal,3 BS,1,4,1,0,0,0,0,1,0,1,0,1,0,1,0
160,34,s,True,127,34,True,63,False,64,False,20,False,14,5,3.35589695,1.854828835,1.002714872,Verde,NA,pocos,senal,4 AS,1,4,1,0,0,1,0,1,0,1,0,1,0,1,0
161,99,s,True,128,34,True,64,False,64,False,20,False,14,6,4.458029032,2.957476139,1.403565884,Purpura,NA,pocos,senal,4 AS,1,4,1,1,0,1,0,1,0,1,0,1,0,1,0
162,244,n,True,129,34,False,64,True,65,False,20,False,14,2,3.444550991,1.943379879,0.60148406,Azul,NA,pocos,ruido,1 AN,0,3,1,0,0,0,0,0,0,0,0,0,1,0,1
164,446,s,True,131,34,True,65,False,66,False,20,False,14,5,3.040599108,1.539494038,1.403550148,Azul,NA,muchos,senal,3 BS,1,4,1,0,0,1,0,1,0,1,0,1,0,1,0
165,573,n,True,132,34,False,65,True,67,False,20,False,14,1,2.749820948,1.248986959,0.501344919,Purpura,NA,muchos,ruido,2 BN,0,3,1,0,0,0,0,0,0,0,0,0,0,0,1
166,497,s,False,132,35,False,65,False,67,True,21,False,14,6,2.649466991,1.148335934,0.300945044,Azul,NA,muchos,ruido,2 BN,1,1,0,0,1,0,1,0,1,0,1,0,1,0,1
167,165,s,False,132,36,False,65,False,67,True,22,False,14,5,4.058400154,2.557277918,1.604310989,Verde,NA,pocos,ruido,1 AN,1,1,0,0,0,0,1,0,1,0,1,0,1,0,1
168,525,n,True,133,36,False,65,True,68,False,22,False,14,2,3.451781034,1.951540947,1.604203939,Purpura,NA,muchos,ruido,2 BN,0,3,1,0,0,0,0,0,0,0,0,0,1,0,1
169,188,s,False,133,37,False,65,False,68,True,23,False,14,6,3.856664896,2.355465889,0.902473927,Verde,NA,pocos,ruido,1 AN,1,1,0,0,1,0,1,0,1,0,1,0,1,0,1
170,348,n,False,133,38,False,65,False,68,False,23,True,15,2,2.651599884,1.151154041,0.501348019,Purpura,NA,muchos,senal,3 BS,0,2,0,0,0,0,0,0,0,0,0,1,0,1,0
171,13,s,True,134,38,True,66,False,68,False,23,False,15,5,2.943045139,1.441998959,0.501450062,Azul,NA,pocos,senal,4 AS,1,4,1,0,0,1,0,1,0,1,0,1,0,1,0
172,227,n,True,135,38,False,66,True,69,False,23,False,15,2,2.555002928,1.053877831,0.501455069,Purpura,NA,pocos,ruido,1 AN,0,3,1,0,0,0,0,0,0,0,0,0,1,0,1
173,451,s,True,136,38,True,67,False,69,False,23,False,15,6,3.251201868,1.750057936,0.50150919,Verde,NA,muchos,senal,3 BS,1,4,1,1,0,1,0,1,0,1,0,1,0,1,0
174,195,n,True,137,38,False,67,True,70,False,23,False,15,2,2.954753876,1.45347786,0.501550913,Purpura,NA,pocos,ruido,1 AN,0,3,1,0,0,0,0,0,0,0,0,0,1,0,1
175,403,s,True,138,38,True,68,False,70,False,23,False,15,5,3.150738955,1.649657965,1.704320908,Azul,NA,muchos,senal,3 BS,1,4,1,0,0,1,0,1,0,1,0,1,0,1,0
176,221,n,True,139,38,False,68,True,71,False,23,False,15,2,2.954696894,1.453630924,1.102930069,Azul,NA,pocos,ruido,1 AN,0,3,1,0,0,0,0,0,0,0,0,0,1,0,1
177,501,n,True,140,38,False,68,True,72,False,23,False,15,2,6.158529043,4.657362938,0.501096964,Naranja,NA,muchos,ruido,2 BN,0,3,1,0,0,0,0,0,0,0,0,0,1,0,1
178,457,s,True,141,38,True,69,False,72,False,23,False,15,6,3.350904942,1.849581003,1.804591894,Verde,NA,muchos,senal,3 BS,1,4,1,1,0,1,0,1,0,1,0,1,0,1,0
179,184,n,True,142,38,False,69,True,73,False,23,False,15,2,2.842893124,1.341830015,0.50126791,Naranja,NA,pocos,ruido,1 AN,0,3,1,0,0,0,0,0,0,0,0,0,1,0,1
180,252,n,True,143,38,False,69,True,74,False,23,False,15,2,3.957690001,2.456558943,0.501412153,Verde,NA,pocos,ruido,1 AN,0,3,1,0,0,0,0,0,0,0,0,0,1,0,1
181,575,n,True,144,38,False,69,True,75,False,23,False,15,1,2.949697018,1.448609829,0.80189991,Naranja,NA,muchos,ruido,2 BN,0,3,1,0,0,0,0,0,0,0,0,0,0,0,1
182,460,s,True,145,38,True,70,False,75,False,23,False,15,6,3.055691004,1.554595947,0.601673126,Naranja,NA,muchos,senal,3 BS,1,4,1,1,0,1,0,1,0,1,0,1,0,1,0
183,96,s,True,146,38,True,71,False,75,False,23,False,15,6,2.753500938,1.25242281,0.601712942,Purpura,NA,pocos,senal,4 AS,1,4,1,1,0,1,0,1,0,1,0,1,0,1,0
184,225,s,False,146,39,False,71,False,75,True,24,False,15,4,4.259704828,2.758563995,0.902508974,Naranja,NA,pocos,ruido,1 AN,1,1,0,0,0,0,0,0,1,0,1,0,1,0,1
185,254,n,True,147,39,False,71,True,76,False,24,False,15,2,3.055839062,1.554661989,1.103255987,Naranja,NA,pocos,ruido,1 AN,0,3,1,0,0,0,0,0,0,0,0,0,1,0,1
186,571,n,True,148,39,False,71,True,77,False,24,False,15,2,6.659177065,5.158071041,0.902286053,Azul,NA,muchos,ruido,2 BN,0,3,1,0,0,0,0,0,0,0,0,0,1,0,1
187,465,s,True,149,39,True,72,False,77,False,24,False,15,6,2.951023102,1.449856043,0.80219698,Azul,NA,muchos,senal,3 BS,1,4,1,1,0,1,0,1,0,1,0,1,0,1,0
189,332,s,True,151,39,True,73,False,78,False,24,False,15,5,3.351121902,1.84995389,0.501210928,Purpura,NA,muchos,senal,3 BS,1,4,1,0,0,1,0,1,0,1,0,1,0,1,0
191,542,s,False,152,40,False,73,False,79,True,25,False,15,4,4.654589891,3.153422117,0.602074862,Azul,NA,muchos,ruido,2 BN,1,1,0,0,0,0,0,0,1,0,1,0,1,0,1
192,161,s,False,152,41,False,73,False,79,True,26,False,15,5,4.258397102,2.757276058,0.300969839,Naranja,NA,pocos,ruido,1 AN,1,1,0,0,0,0,1,0,1,0,1,0,1,0,1
194,342,n,False,153,42,False,73,False,80,False,26,True,16,3,3.751126051,2.250053883,0.802082062,Purpura,NA,muchos,senal,3 BS,0,2,0,0,0,0,0,0,0,1,0,1,0,1,0
195,464,s,True,154,42,True,74,False,80,False,26,False,16,6,3.049096823,1.54790616,0.401173115,Verde,NA,muchos,senal,3 BS,1,4,1,1,0,1,0,1,0,1,0,1,0,1,0
196,88,s,True,155,42,True,75,False,80,False,26,False,16,5,2.652966976,1.151839972,0.300918102,Naranja,NA,pocos,senal,4 AS,1,4,1,0,0,1,0,1,0,1,0,1,0,1,0
197,398,s,True,156,42,True,76,False,80,False,26,False,16,5,2.650382996,1.149194956,0.400970221,Naranja,NA,muchos,senal,3 BS,1,4,1,0,0,1,0,1,0,1,0,1,0,1,0
198,37,s,True,157,42,True,77,False,80,False,26,False,16,6,4.257927895,2.756783962,0.501369953,Verde,NA,pocos,senal,4 AS,1,4,1,1,0,1,0,1,0,1,0,1,0,1,0
199,232,n,True,158,42,False,77,True,81,False,26,False,16,1,2.553554773,1.052460909,0.501461029,Naranja,NA,pocos,ruido,1 AN,0,3,1,0,0,0,0,0,0,0,0,0,0,0,1
200,371,n,False,158,43,False,77,False,81,False,26,True,17,2,7.062247038,5.562040091,1.002703905,Azul,NA,muchos,senal,3 BS,0,2,0,0,0,0,0,0,0,0,0,1,0,1,0
201,408,n,False,158,44,False,77,False,81,False,26,True,18,2,4.754957199,3.253872156,1.002482891,Verde,NA,muchos,senal,3 BS,0,2,0,0,0,0,0,0,0,0,0,1,0,1,0
202,498,s,False,158,45,False,77,False,81,True,27,False,18,5,4.755057096,3.253921986,3.007565022,Naranja,NA,muchos,ruido,2 BN,1,1,0,0,0,0,1,0,1,0,1,0,1,0,1
203,428,s,True,159,45,True,78,False,81,False,27,False,18,5,2.849730015,1.3485291,0.501296043,Naranja,NA,muchos,senal,3 BS,1,4,1,0,0,1,0,1,0,1,0,1,0,1,0
204,65,s,True,160,45,True,79,False,81,False,27,False,18,6,2.45400095,0.952780962,0.902930021,Naranja,NA,pocos,senal,4 AS,1,4,1,1,0,1,0,1,0,1,0,1,0,1,0
205,347,s,True,161,45,True,80,False,81,False,27,False,18,5,3.753108025,2.251896858,0.501358986,Verde,NA,muchos,senal,3 BS,1,4,1,0,0,1,0,1,0,1,0,1,0,1,0
206,433,s,True,162,45,True,81,False,81,False,27,False,18,5,2.648447037,1.147187948,0.601489067,Azul,NA,muchos,senal,3 BS,1,4,1,0,0,1,0,1,0,1,0,1,0,1,0
207,168,n,True,163,45,False,81,True,82,False,27,False,18,2,2.453611135,0.952847958,2.405215025,Naranja,NA,pocos,ruido,1 AN,0,3,1,0,0,0,0,0,0,0,0,0,1,0,1
208,511,n,True,164,45,False,81,True,83,False,27,False,18,2,2.549460888,1.048263788,0.401196957,Naranja,NA,muchos,ruido,2 BN,0,3,1,0,0,0,0,0,0,0,0,0,1,0,1
210,594,n,True,166,45,False,81,True,85,False,27,False,18,1,2.648977995,1.147767067,0.40109396,Naranja,NA,muchos,ruido,2 BN,0,3,1,0,0,0,0,0,0,0,0,0,0,0,1
211,553,s,False,166,46,False,81,False,85,True,28,False,18,6,2.448167086,0.947362185,0.601696968,Verde,NA,muchos,ruido,2 BN,1,1,0,0,1,0,1,0,1,0,1,0,1,0,1
212,248,n,True,167,46,False,81,True,86,False,28,False,18,2,2.754622936,1.253495932,0.401160955,Naranja,NA,pocos,ruido,1 AN,0,3,1,0,0,0,0,0,0,0,0,0,1,0,1
213,405,s,True,168,46,True,82,False,86,False,28,False,18,6,2.149893045,0.648799896,0.501240969,Verde,NA,muchos,senal,3 BS,1,4,1,1,0,1,0,1,0,1,0,1,0,1,0
214,567,n,True,169,46,False,82,True,87,False,28,False,18,2,2.549135923,1.04805994,2.00492692,Purpura,NA,muchos,ruido,2 BN,0,3,1,0,0,0,0,0,0,0,0,0,1,0,1
215,358,s,True,170,46,True,83,False,87,False,28,False,18,6,2.753165007,1.252790928,0.60170579,Purpura,NA,muchos,senal,3 BS,1,4,1,1,0,1,0,1,0,1,0,1,0,1,0
216,145,s,True,171,46,True,84,False,87,False,28,False,18,6,2.353750944,0.852627993,0.401048899,Naranja,NA,pocos,senal,4 AS,1,4,1,1,0,1,0,1,0,1,0,1,0,1,0
217,5,s,True,172,46,True,85,False,87,False,28,False,18,6,3.055251837,1.554028988,0.300876856,Verde,NA,pocos,senal,4 AS,1,4,1,1,0,1,0,1,0,1,0,1,0,1,0
218,46,s,True,173,46,True,86,False,87,False,28,False,18,6,3.14365983,1.642601967,0.601515055,Naranja,NA,pocos,senal,4 AS,1,4,1,1,0,1,0,1,0,1,0,1,0,1,0
219,202,s,False,173,47,False,86,False,87,True,29,False,18,5,3.143627167,1.642499208,0.301076889,Azul,NA,pocos,ruido,1 AN,1,1,0,0,0,0,1,0,1,0,1,0,1,0,1
220,25,s,True,174,47,True,87,False,87,False,29,False,18,6,2.654496908,1.153331041,0.601566076,Purpura,NA,pocos,senal,4 AS,1,4,1,1,0,1,0,1,0,1,0,1,0,1,0
221,53,s,True,175,47,True,88,False,87,False,29,False,18,5,2.951323986,1.450237989,0.300965071,Verde,NA,pocos,senal,4 AS,1,4,1,0,0,1,0,1,0,1,0,1,0,1,0
222,55,s,True,176,47,True,89,False,87,False,29,False,18,6,2.454401016,0.953294992,0.2006042,Azul,NA,pocos,senal,4 AS,1,4,1,1,0,1,0,1,0,1,0,1,0,1,0
224,50,s,True,178,47,True,90,False,88,False,29,False,18,6,2.248015165,0.74686408,0.30085206,Verde,NA,pocos,senal,4 AS,1,4,1,1,0,1,0,1,0,1,0,1,0,1,0
225,185,s,False,178,48,False,90,False,88,True,30,False,18,6,3.35631609,1.855147123,1.002815962,Purpura,NA,pocos,ruido,1 AN,1,1,0,0,1,0,1,0,1,0,1,0,1,0,1
226,68,s,True,179,48,True,91,False,88,False,30,False,18,6,2.653469801,1.152378082,0.200649023,Azul,NA,pocos,senal,4 AS,1,4,1,1,0,1,0,1,0,1,0,1,0,1,0
227,495,s,False,179,49,False,91,False,88,True,31,False,18,5,7.260932922,5.759824991,0.401165962,Naranja,NA,muchos,ruido,2 BN,1,1,0,0,0,0,1,0,1,0,1,0,1,0,1
228,548,s,False,179,50,False,91,False,88,True,32,False,18,5,2.649468899,1.14839983,0.501502991,Purpura,NA,muchos,ruido,2 BN,1,1,0,0,0,0,1,0,1,0,1,0,1,0,1
229,144,s,True,180,50,True,92,False,88,False,32,False,18,6,1.941214085,0.440153122,0.501283884,Purpura,NA,pocos,senal,4 AS,1,4,1,1,0,1,0,1,0,1,0,1,0,1,0
231,592,n,True,182,50,False,92,True,90,False,32,False,18,2,3.250118971,1.748990059,1.303534985,Verde,NA,muchos,ruido,2 BN,0,3,1,0,0,0,0,0,0,0,0,0,1,0,1
232,271,n,True,183,50,False,92,True,91,False,32,False,18,1,2.74948287,1.248340845,2.406089067,Verde,NA,pocos,ruido,1 AN,0,3,1,0,0,0,0,0,0,0,0,0,0,0,1
233,201,n,True,184,50,False,92,True,92,False,32,False,18,3,4.747755051,3.246596098,0.701911926,Purpura,NA,pocos,ruido,1 AN,0,3,1,0,0,0,0,0,0,0,1,0,1,0,1
235,335,s,True,186,50,True,93,False,93,False,32,False,18,5,3.35217309,1.851073027,0.300873995,Purpura,NA,muchos,senal,3 BS,1,4,1,0,0,1,0,1,0,1,0,1,0,1,0
236,222,n,True,187,50,False,93,True,94,False,32,False,18,2,2.553694963,1.052522898,2.305462837,Naranja,NA,pocos,ruido,1 AN,0,3,1,0,0,0,0,0,0,0,0,0,1,0,1
237,377,s,True,188,50,True,94,False,94,False,32,False,18,5,4.053039074,2.551903009,0.501407146,Purpura,NA,muchos,senal,3 BS,1,4,1,0,0,1,0,1,0,1,0,1,0,1,0
238,122,s,True,189,50,True,95,False,94,False,32,False,18,6,2.65455389,1.153407097,0.300954819,Azul,NA,pocos,senal,4 AS,1,4,1,1,0,1,0,1,0,1,0,1,0,1,0
239,118,s,True,190,50,True,96,False,94,False,32,False,18,6,4.146286011,2.645108938,0.300827026,Purpura,NA,pocos,senal,4 AS,1,4,1,1,0,1,0,1,0,1,0,1,0,1,0
240,106,s,True,191,50,True,97,False,94,False,32,False,18,6,2.650133848,1.148923874,0.200668812,Azul,NA,pocos,senal,4 AS,1,4,1,1,0,1,0,1,0,1,0,1,0,1,0
241,599,n,True,192,50,False,97,True,95,False,32,False,18,1,2.14966011,0.648598909,0.501220942,Purpura,NA,muchos,ruido,2 BN,0,3,1,0,0,0,0,0,0,0,0,0,0,0,1
242,506,s,False,192,51,False,97,False,95,True,33,False,18,5,2.248650074,0.74819994,0.300867081,Purpura,NA,muchos,ruido,2 BN,1,1,0,0,0,0,1,0,1,0,1,0,1,0,1
243,469,s,True,193,51,True,98,False,95,False,33,False,18,6,2.549157143,1.047966003,0.200676918,Naranja,NA,muchos,senal,3 BS,1,4,1,1,0,1,0,1,0,1,0,1,0,1,0
244,582,n,True,194,51,False,98,True,96,False,33,False,18,1,1.849038839,0.347896814,0.301074028,Verde,NA,muchos,ruido,2 BN,0,3,1,0,0,0,0,0,0,0,0,0,0,0,1
245,323,s,True,195,51,True,99,False,96,False,33,False,18,5,2.74976778,1.248643875,0.300999165,Azul,NA,muchos,senal,3 BS,1,4,1,0,0,1,0,1,0,1,0,1,0,1,0
246,453,s,True,196,51,True,100,False,96,False,33,False,18,6,2.849082947,1.347872972,2.606153011,Naranja,NA,muchos,senal,3 BS,1,4,1,1,0,1,0,1,0,1,0,1,0,1,0
247,94,s,True,197,51,True,101,False,96,False,33,False,18,5,2.452497959,0.951395988,1.002420902,Naranja,NA,pocos,senal,4 AS,1,4,1,0,0,1,0,1,0,1,0,1,0,1,0
248,31,s,True,198,51,True,102,False,96,False,33,False,18,5,2.854172945,1.353004932,0.301017046,Verde,NA,pocos,senal,4 AS,1,4,1,0,0,1,0,1,0,1,0,1,0,1,0
249,472,s,True,199,51,True,103,False,96,False,33,False,18,6,2.751307011,1.250191927,0.200743914,Azul,NA,muchos,senal,3 BS,1,4,1,1,0,1,0,1,0,1,0,1,0,1,0
250,204,s,False,199,52,False,103,False,96,True,34,False,18,6,2.241929054,0.740876198,0.200615883,Verde,NA,pocos,ruido,1 AN,1,1,0,0,1,0,1,0,1,0,1,0,1,0,1
251,379,s,True,200,52,True,104,False,96,False,34,False,18,5,2.649301767,1.148271799,0.300974846,Verde,NA,muchos,senal,3 BS,1,4,1,0,0,1,0,1,0,1,0,1,0,1,0
252,176,n,True,201,52,False,104,True,97,False,34,False,18,2,2.340939045,0.839758158,0.401175022,Purpura,NA,pocos,ruido,1 AN,0,3,1,0,0,0,0,0,0,0,0,0,1,0,1
253,516,s,False,201,53,False,104,False,97,True,35,False,18,6,2.053037882,0.552525997,0.601725101,Purpura,NA,muchos,ruido,2 BN,1,1,0,0,1,0,1,0,1,0,1,0,1,0,1
255,527,n,True,203,53,False,104,True,99,False,35,False,18,2,2.349042892,0.847903013,0.401149035,Naranja,NA,muchos,ruido,2 BN,0,3,1,0,0,0,0,0,0,0,0,0,1,0,1
257,8,s,True,205,53,True,105,False,100,False,35,False,18,5,2.655233145,1.154016972,0.401222229,Naranja,NA,pocos,senal,4 AS,1,4,1,0,0,1,0,1,0,1,0,1,0,1,0
258,160,s,True,206,53,True,106,False,100,False,35,False,18,6,1.752323866,0.25117588,0.300961018,Purpura,NA,pocos,senal,4 AS,1,4,1,1,0,1,0,1,0,1,0,1,0,1,0
259,175,n,True,207,53,False,106,True,101,False,35,False,18,3,2.74988699,1.248739958,1.102833986,Verde,NA,pocos,ruido,1 AN,0,3,1,0,0,0,0,0,0,0,1,0,1,0,1
260,492,s,False,207,54,False,106,False,101,True,36,False,18,6,2.448889017,0.947714806,0.501559019,Naranja,NA,muchos,ruido,2 BN,1,1,0,0,1,0,1,0,1,0,1,0,1,0,1
261,425,s,True,208,54,True,107,False,101,False,36,False,18,6,2.851552963,1.350483894,0.401143074,Verde,NA,muchos,senal,3 BS,1,4,1,1,0,1,0,1,0,1,0,1,0,1,0
263,169,s,False,209,55,False,107,False,102,True,37,False,18,6,2.350499868,0.84940505,0.401164055,Purpura,NA,pocos,ruido,1 AN,1,1,0,0,1,0,1,0,1,0,1,0,1,0,1
265,189,n,True,211,55,False,107,True,104,False,37,False,18,2,2.252999067,0.751919031,0.501426935,Azul,NA,pocos,ruido,1 AN,0,3,1,0,0,0,0,0,0,0,0,0,1,0,1
266,77,s,True,212,55,True,108,False,104,False,37,False,18,5,1.94117403,0.440587044,0.300897121,Azul,NA,pocos,senal,4 AS,1,4,1,0,0,1,0,1,0,1,0,1,0,1,0
267,231,n,True,213,55,False,108,True,105,False,37,False,18,2,1.952666044,0.451477051,1.203165054,Azul,NA,pocos,ruido,1 AN,0,3,1,0,0,0,0,0,0,0,0,0,1,0,1
268,151,s,True,214,55,True,109,False,105,False,37,False,18,6,1.652626038,0.151525021,0.300845861,Azul,NA,pocos,senal,4 AS,1,4,1,1,0,1,0,1,0,1,0,1,0,1,0
269,59,s,True,215,55,True,110,False,105,False,37,False,18,5,2.252964973,0.751811981,0.300874949,Naranja,NA,pocos,senal,4 AS,1,4,1,0,0,1,0,1,0,1,0,1,0,1,0
270,490,s,False,215,56,False,110,False,105,True,38,False,18,5,3.050395012,1.549314022,0.501378059,Purpura,NA,muchos,ruido,2 BN,1,1,0,0,0,0,1,0,1,0,1,0,1,0,1
271,154,s,True,216,56,True,111,False,105,False,38,False,18,6,1.751384974,0.250255108,0.300953865,Azul,NA,pocos,senal,4 AS,1,4,1,1,0,1,0,1,0,1,0,1,0,1,0
272,426,s,True,217,56,True,112,False,105,False,38,False,18,6,2.649251938,1.14812398,0.300877094,Purpura,NA,muchos,senal,3 BS,1,4,1,1,0,1,0,1,0,1,0,1,0,1,0
273,407,s,True,218,56,True,113,False,105,False,38,False,18,5,2.654375076,1.153650999,0.300994873,Naranja,NA,muchos,senal,3 BS,1,4,1,0,0,1,0,1,0,1,0,1,0,1,0
275,63,s,True,220,56,True,114,False,106,False,38,False,18,5,3.757200003,2.25607419,1.00246501,Verde,NA,pocos,senal,4 AS,1,4,1,0,0,1,0,1,0,1,0,1,0,1,0
276,19,s,True,221,56,True,115,False,106,False,38,False,18,4,7.261783838,5.760652781,0.401247978,Purpura,NA,pocos,senal,4 AS,1,4,1,0,0,0,0,1,0,1,0,1,0,1,0
277,321,n,False,221,57,False,115,False,106,False,38,True,19,3,5.756385803,4.255191803,0.400997877,Naranja,NA,muchos,senal,3 BS,0,2,0,0,0,0,0,0,0,1,0,1,0,1,0
279,234,n,True,223,57,False,115,True,108,False,38,False,19,2,2.642966032,1.141793966,0.401163101,Azul,NA,pocos,ruido,1 AN,0,3,1,0,0,0,0,0,0,0,0,0,1,0,1
281,36,s,True,225,57,True,116,False,109,False,38,False,19,5,2.553846836,1.052718878,0.501335144,Azul,NA,pocos,senal,4 AS,1,4,1,0,0,1,0,1,0,1,0,1,0,1,0
282,488,n,True,226,57,False,116,True,110,False,38,False,19,3,3.151125908,1.649907827,3.809314966,Azul,NA,muchos,ruido,2 BN,0,3,1,0,0,0,0,0,0,0,1,0,1,0,1
283,514,s,False,226,58,False,116,False,110,True,39,False,19,5,3.050244808,1.549067974,0.402096033,Naranja,NA,muchos,ruido,2 BN,1,1,0,0,0,0,1,0,1,0,1,0,1,0,1
284,458,s,True,227,58,True,117,False,110,False,39,False,19,6,3.550349951,2.049278975,1.40355587,Purpura,NA,muchos,senal,3 BS,1,4,1,1,0,1,0,1,0,1,0,1,0,1,0
285,87,s,True,228,58,True,118,False,110,False,39,False,19,6,2.441724062,0.940634012,0.200625896,Azul,NA,pocos,senal,4 AS,1,4,1,1,0,1,0,1,0,1,0,1,0,1,0
286,434,s,True,229,58,True,119,False,110,False,39,False,19,6,2.449388981,0.948261976,0.300877094,Naranja,NA,muchos,senal,3 BS,1,4,1,1,0,1,0,1,0,1,0,1,0,1,0
287,102,s,True,230,58,True,120,False,110,False,39,False,19,6,1.752077103,0.251015186,0.300972939,Purpura,NA,pocos,senal,4 AS,1,4,1,1,0,1,0,1,0,1,0,1,0,1,0
288,413,n,False,230,59,False,120,False,110,False,39,True,20,2,6.859881878,5.358763218,2.205806017,Naranja,NA,muchos,senal,3 BS,0,2,0,0,0,0,0,0,0,0,0,1,0,1,0
289,274,n,True,231,59,False,120,True,111,False,39,False,20,2,2.754353046,1.253151894,2.807157993,Verde,NA,pocos,ruido,1 AN,0,3,1,0,0,0,0,0,0,0,0,0,1,0,1
290,369,s,True,232,59,True,121,False,111,False,39,False,20,4,6.759841204,5.258618116,0.501411915,Naranja,NA,muchos,senal,3 BS,1,4,1,0,0,0,0,1,0,1,0,1,0,1,0
292,531,s,False,233,60,False,121,False,112,True,40,False,20,5,7.065901995,5.564746857,0.902428865,Verde,NA,muchos,ruido,2 BN,1,1,0,0,0,0,1,0,1,0,1,0,1,0,1
293,557,n,True,234,60,False,121,True,113,False,40,False,20,1,8.764271021,7.263087034,1.604085922,Purpura,NA,muchos,ruido,2 BN,0,3,1,0,0,0,0,0,0,0,0,0,0,0,1
294,473,s,True,235,60,True,122,False,113,False,40,False,20,6,2.650527,1.149401903,0.401092052,Verde,NA,muchos,senal,3 BS,1,4,1,1,0,1,0,1,0,1,0,1,0,1,0
295,211,s,False,235,61,False,122,False,113,True,41,False,20,5,4.04681015,2.545703173,0.802186966,Purpura,NA,pocos,ruido,1 AN,1,1,0,0,0,0,1,0,1,0,1,0,1,0,1
296,447,s,True,236,61,True,123,False,113,False,41,False,20,4,3.953584909,2.452495098,0.501427889,Naranja,NA,muchos,senal,3 BS,1,4,1,0,0,0,0,1,0,1,0,1,0,1,0
297,411,s,True,237,61,True,124,False,113,False,41,False,20,5,2.950435877,1.449240923,0.30083704,Verde,NA,muchos,senal,3 BS,1,4,1,0,0,1,0,1,0,1,0,1,0,1,0
298,419,s,True,238,61,True,125,False,113,False,41,False,20,5,3.049720049,1.548601866,0.300887823,Naranja,NA,muchos,senal,3 BS,1,4,1,0,0,1,0,1,0,1,0,1,0,1,0
299,69,s,True,239,61,True,126,False,113,False,41,False,20,5,2.251982927,0.750928164,0.300837994,Verde,NA,pocos,senal,4 AS,1,4,1,0,0,1,0,1,0,1,0,1,0,1,0
300,337,n,False,239,62,False,126,False,113,False,41,True,21,3,3.555526972,2.054829121,0.902441978,Naranja,NA,muchos,senal,3 BS,0,2,0,0,0,0,0,0,0,1,0,1,0,1,0
301,561,n,True,240,62,False,126,True,114,False,41,False,21,3,3.150719166,1.649662972,1.704176903,Azul,NA,muchos,ruido,2 BN,0,3,1,0,0,0,0,0,0,0,1,0,1,0,1
302,441,s,True,241,62,True,127,False,114,False,41,False,21,5,3.050137043,1.549329042,0.701994896,Verde,NA,muchos,senal,3 BS,1,4,1,0,0,1,0,1,0,1,0,1,0,1,0
303,147,s,True,242,62,True,128,False,114,False,41,False,21,6,2.151633024,0.650529146,0.300930977,Purpura,NA,pocos,senal,4 AS,1,4,1,1,0,1,0,1,0,1,0,1,0,1,0
304,503,n,True,243,62,False,128,True,115,False,41,False,21,2,3.655936956,2.154753923,0.601652861,Purpura,NA,muchos,ruido,2 BN,0,3,1,0,0,0,0,0,0,0,0,0,1,0,1
306,444,s,True,245,62,True,129,False,116,False,41,False,21,6,2.650116205,1.148984194,0.200495958,Naranja,NA,muchos,senal,3 BS,1,4,1,1,0,1,0,1,0,1,0,1,0,1,0
307,370,s,True,246,62,True,130,False,116,False,41,False,21,5,3.151173115,1.650909185,0.501419067,Verde,NA,muchos,senal,3 BS,1,4,1,0,0,1,0,1,0,1,0,1,0,1,0
308,357,s,True,247,62,True,131,False,116,False,41,False,21,5,2.840588093,1.339396954,0.401270866,Verde,NA,muchos,senal,3 BS,1,4,1,0,0,1,0,1,0,1,0,1,0,1,0
309,558,n,True,248,62,False,131,True,117,False,41,False,21,2,2.649644852,1.148488998,0.801994085,Azul,NA,muchos,ruido,2 BN,0,3,1,0,0,0,0,0,0,0,0,0,1,0,1
310,422,s,True,249,62,True,132,False,117,False,41,False,21,5,2.653337955,1.152651072,0.7017169,Verde,NA,muchos,senal,3 BS,1,4,1,0,0,1,0,1,0,1,0,1,0,1,0
311,380,s,True,250,62,True,133,False,117,False,41,False,21,5,2.756096125,1.255020142,0.701834917,Purpura,NA,muchos,senal,3 BS,1,4,1,0,0,1,0,1,0,1,0,1,0,1,0
312,149,s,True,251,62,True,134,False,117,False,41,False,21,6,1.952185154,0.451083183,0.401068926,Verde,NA,pocos,senal,4 AS,1,4,1,1,0,1,0,1,0,1,0,1,0,1,0
314,474,s,True,253,62,True,135,False,118,False,41,False,21,6,2.753567934,1.253036976,0.501328945,Purpura,NA,muchos,senal,3 BS,1,4,1,1,0,1,0,1,0,1,0,1,0,1,0
315,338,s,True,254,62,True,136,False,118,False,41,False,21,6,2.851085901,1.350019932,0.60167098,Verde,NA,muchos,senal,3 BS,1,4,1,1,0,1,0,1,0,1,0,1,0,1,0
316,192,n,True,255,62,False,136,True,119,False,41,False,21,2,2.554593086,1.053467035,0.501302004,Purpura,NA,pocos,ruido,1 AN,0,3,1,0,0,0,0,0,0,0,0,0,1,0,1
317,219,s,False,255,63,False,136,False,119,True,42,False,21,5,5.762644053,4.2614851,7.719332218,Naranja,NA,pocos,ruido,1 AN,1,1,0,0,0,0,1,0,1,0,1,0,1,0,1
318,2,s,True,256,63,True,137,False,119,False,42,False,21,6,2.754814148,1.253653049,0.401173115,Verde,NA,pocos,senal,4 AS,1,4,1,1,0,1,0,1,0,1,0,1,0,1,0
319,21,s,True,257,63,True,138,False,119,False,42,False,21,6,2.950671911,1.449624062,0.300707102,Verde,NA,pocos,senal,4 AS,1,4,1,1,0,1,0,1,0,1,0,1,0,1,0
320,210,n,True,258,63,False,138,True,120,False,42,False,21,2,2.843817949,1.342618942,0.50138998,Verde,NA,pocos,ruido,1 AN,0,3,1,0,0,0,0,0,0,0,0,0,1,0,1
322,52,s,True,260,63,True,139,False,121,False,42,False,21,5,4.25451684,2.753396988,1.403505087,Azul,NA,pocos,senal,4 AS,1,4,1,0,0,1,0,1,0,1,0,1,0,1,0
323,351,s,True,261,63,True,140,False,121,False,42,False,21,5,2.552509069,1.051963091,0.401089907,Purpura,NA,muchos,senal,3 BS,1,4,1,0,0,1,0,1,0,1,0,1,0,1,0
324,364,s,True,262,63,True,141,False,121,False,42,False,21,5,1.848531008,0.347703934,0.401023149,Purpura,NA,muchos,senal,3 BS,1,4,1,0,0,1,0,1,0,1,0,1,0,1,0
325,341,s,True,263,63,True,142,False,121,False,42,False,21,5,2.55325079,1.052201986,0.400935888,Verde,NA,muchos,senal,3 BS,1,4,1,0,0,1,0,1,0,1,0,1,0,1,0
326,177,s,False,263,64,False,142,False,121,True,43,False,21,5,2.348865032,0.847741127,0.601688862,Naranja,NA,pocos,ruido,1 AN,1,1,0,0,0,0,1,0,1,0,1,0,1,0,1
327,461,s,True,264,64,True,143,False,121,False,43,False,21,6,2.648963213,1.147783995,1.203113079,Purpura,NA,muchos,senal,3 BS,1,4,1,1,0,1,0,1,0,1,0,1,0,1,0
328,1,n,False,264,65,False,143,False,121,False,43,True,22,3,3.155515909,1.654396057,0.701528788,Naranja,NA,pocos,senal,4 AS,0,2,0,0,0,0,0,0,0,1,0,1,0,1,0
329,404,s,True,265,65,True,144,False,121,False,43,False,22,6,2.553416014,1.052359104,0.802165985,Naranja,NA,muchos,senal,3 BS,1,4,1,1,0,1,0,1,0,1,0,1,0,1,0
330,402,s,True,266,65,True,145,False,121,False,43,False,22,5,2.749488831,1.24838686,0.701929092,Verde,NA,muchos,senal,3 BS,1,4,1,0,0,1,0,1,0,1,0,1,0,1,0
331,432,s,True,267,65,True,146,False,121,False,43,False,22,5,2.549186945,1.048007011,2.305603981,Verde,NA,muchos,senal,3 BS,1,4,1,0,0,1,0,1,0,1,0,1,0,1,0
332,148,s,True,268,65,True,147,False,121,False,43,False,22,6,1.75247407,0.251284122,0.501312017,Azul,NA,pocos,senal,4 AS,1,4,1,1,0,1,0,1,0,1,0,1,0,1,0
333,241,n,True,269,65,False,147,True,122,False,43,False,22,1,2.950833082,1.449660063,6.114872932,Naranja,NA,pocos,ruido,1 AN,0,3,1,0,0,0,0,0,0,0,0,0,0,0,1
334,104,s,True,270,65,True,148,False,122,False,43,False,22,5,3.355355024,1.854243994,0.601638079,Naranja,NA,pocos,senal,4 AS,1,4,1,0,0,1,0,1,0,1,0,1,0,1,0
335,141,s,True,271,65,True,149,False,122,False,43,False,22,6,1.941660166,0.440518141,0.501452923,Azul,NA,pocos,senal,4 AS,1,4,1,1,0,1,0,1,0,1,0,1,0,1,0
336,108,s,True,272,65,True,150,False,122,False,43,False,22,5,7.654871941,6.15377593,0.501368046,Verde,NA,pocos,senal,4 AS,1,4,1,0,0,1,0,1,0,1,0,1,0,1,0
338,572,n,True,274,65,False,150,True,124,False,43,False,22,2,2.452297926,0.951803923,0.401064873,Naranja,NA,muchos,ruido,2 BN,0,3,1,0,0,0,0,0,0,0,0,0,1,0,1
339,233,n,True,275,65,False,150,True,125,False,43,False,22,2,2.542744875,1.041568995,0.40110302,Purpura,NA,pocos,ruido,1 AN,0,3,1,0,0,0,0,0,0,0,0,0,1,0,1
341,64,s,True,277,65,True,151,False,126,False,43,False,22,5,2.754359961,1.253203869,0.501473904,Purpura,NA,pocos,senal,4 AS,1,4,1,0,0,1,0,1,0,1,0,1,0,1,0
342,268,n,True,278,65,False,151,True,127,False,43,False,22,2,2.442867041,0.941756964,0.601483822,Verde,NA,pocos,ruido,1 AN,0,3,1,0,0,0,0,0,0,0,0,0,1,0,1
343,324,s,True,279,65,True,152,False,127,False,43,False,22,5,2.85717082,1.356036901,0.501322031,Naranja,NA,muchos,senal,3 BS,1,4,1,0,0,1,0,1,0,1,0,1,0,1,0
344,578,n,True,280,65,False,152,True,128,False,43,False,22,2,2.548090935,1.046920061,1.403561115,Naranja,NA,muchos,ruido,2 BN,0,3,1,0,0,0,0,0,0,0,0,0,1,0,1
345,339,n,False,280,66,False,152,False,128,False,43,True,23,3,3.15399909,1.652940035,0.802256823,Azul,NA,muchos,senal,3 BS,0,2,0,0,0,0,0,0,0,1,0,1,0,1,0
346,178,n,True,281,66,False,152,True,129,False,43,False,23,2,2.642261028,1.141137838,0.601675034,Verde,NA,pocos,ruido,1 AN,0,3,1,0,0,0,0,0,0,0,0,0,1,0,1
347,251,n,True,282,66,False,152,True,130,False,43,False,23,2,4.558907032,3.058327913,1.102715969,Naranja,NA,pocos,ruido,1 AN,0,3,1,0,0,0,0,0,0,0,0,0,1,0,1
348,208,n,True,283,66,False,152,True,131,False,43,False,23,2,3.15523386,1.654004812,0.701802015,Purpura,NA,pocos,ruido,1 AN,0,3,1,0,0,0,0,0,0,0,0,0,1,0,1
349,136,s,True,284,66,True,153,False,131,False,43,False,23,6,1.95231986,0.451227903,0.80192399,Naranja,NA,pocos,senal,4 AS,1,4,1,1,0,1,0,1,0,1,0,1,0,1,0
351,350,s,True,286,66,True,154,False,132,False,43,False,23,5,3.351045132,1.84990716,0.601526976,Naranja,NA,muchos,senal,3 BS,1,4,1,0,0,1,0,1,0,1,0,1,0,1,0
353,522,s,False,287,67,False,154,False,133,True,44,False,23,6,4.353271961,2.852118015,1.002454996,Purpura,NA,muchos,ruido,2 BN,1,1,0,0,1,0,1,0,1,0,1,0,1,0,1
354,524,s,False,287,68,False,154,False,133,True,45,False,23,6,3.451498032,1.950327873,0.401093006,Naranja,NA,muchos,ruido,2 BN,1,1,0,0,1,0,1,0,1,0,1,0,1,0,1
355,570,n,True,288,68,False,154,True,134,False,45,False,23,3,3.351032972,1.850007057,0.501427889,Purpura,NA,muchos,ruido,2 BN,0,3,1,0,0,0,0,0,0,0,1,0,1,0,1
356,546,n,True,289,68,False,154,True,135,False,45,False,23,2,2.953655005,1.453299999,0.101779938,Naranja,NA,muchos,ruido,2 BN,0,3,1,0,0,0,0,0,0,0,0,0,1,0,1
357,194,n,True,290,68,False,154,True,136,False,45,False,23,2,2.855663061,1.354439974,0.401183128,Verde,NA,pocos,ruido,1 AN,0,3,1,0,0,0,0,0,0,0,0,0,1,0,1
358,67,s,True,291,68,True,155,False,136,False,45,False,23,5,5.461555958,3.960389853,0.801892996,Purpura,NA,pocos,senal,4 AS,1,4,1,0,0,1,0,1,0,1,0,1,0,1,0
359,372,s,True,292,68,True,156,False,136,False,45,False,23,5,2.949882984,1.448807001,0.40110302,Naranja,NA,muchos,senal,3 BS,1,4,1,0,0,1,0,1,0,1,0,1,0,1,0
360,565,n,True,293,68,False,156,True,137,False,45,False,23,1,2.649770021,1.148550034,2.204869986,Naranja,NA,muchos,ruido,2 BN,0,3,1,0,0,0,0,0,0,0,0,0,0,0,1
361,40,s,True,294,68,True,157,False,137,False,45,False,23,4,12.47849679,10.97741485,0.902498007,Naranja,NA,pocos,senal,4 AS,1,4,1,0,0,0,0,1,0,1,0,1,0,1,0
362,191,n,True,295,68,False,157,True,138,False,45,False,23,2,2.75454092,1.253310919,0.601681948,Verde,NA,pocos,ruido,1 AN,0,3,1,0,0,0,0,0,0,0,0,0,1,0,1
365,29,s,True,298,68,True,158,False,140,False,45,False,23,5,2.854486942,1.353384018,0.401124001,Azul,NA,pocos,senal,4 AS,1,4,1,0,0,1,0,1,0,1,0,1,0,1,0
366,245,n,True,299,68,False,158,True,141,False,45,False,23,2,2.641349077,1.140115023,0.401194096,Verde,NA,pocos,ruido,1 AN,0,3,1,0,0,0,0,0,0,0,0,0,1,0,1
367,549,n,True,300,68,False,158,True,142,False,45,False,23,1,1.94865489,0.447517872,0.300918102,Naranja,NA,muchos,ruido,2 BN,0,3,1,0,0,0,0,0,0,0,0,0,0,0,1
369,70,s,True,302,68,True,159,False,143,False,45,False,23,6,2.754848003,1.253628016,0.401227951,Purpura,NA,pocos,senal,4 AS,1,4,1,1,0,1,0,1,0,1,0,1,0,1,0
370,117,s,True,303,68,True,160,False,143,False,45,False,23,6,3.25413084,1.753013849,0.502575159,Verde,NA,pocos,senal,4 AS,1,4,1,1,0,1,0,1,0,1,0,1,0,1,0
371,14,s,True,304,68,True,161,False,143,False,45,False,23,6,3.352205038,1.851397038,0.802009106,Naranja,NA,pocos,senal,4 AS,1,4,1,1,0,1,0,1,0,1,0,1,0,1,0
372,533,n,True,305,68,False,161,True,144,False,45,False,23,2,2.751013994,1.250288963,1.203208923,Naranja,NA,muchos,ruido,2 BN,0,3,1,0,0,0,0,0,0,0,0,0,1,0,1
373,32,s,True,306,68,True,162,False,144,False,45,False,23,5,5.460768938,3.959588051,0.401144981,Purpura,NA,pocos,senal,4 AS,1,4,1,0,0,1,0,1,0,1,0,1,0,1,0
374,131,s,True,307,68,True,163,False,144,False,45,False,23,6,1.951030016,0.449913979,0.701956034,Purpura,NA,pocos,senal,4 AS,1,4,1,1,0,1,0,1,0,1,0,1,0,1,0
375,421,n,False,307,69,False,163,False,144,False,45,True,24,3,3.352455854,1.851289988,2.807290077,Purpura,NA,muchos,senal,3 BS,0,2,0,0,0,0,0,0,0,1,0,1,0,1,0
376,226,n,True,308,69,False,163,True,145,False,45,False,24,2,3.155231953,1.654105186,1.102599144,Verde,NA,pocos,ruido,1 AN,0,3,1,0,0,0,0,0,0,0,0,0,1,0,1
379,3,s,True,310,70,True,164,False,146,False,46,False,24,6,3.456707954,1.955878973,2.20598197,Purpura,NA,pocos,senal,4 AS,1,4,1,1,0,1,0,1,0,1,0,1,0,1,0
380,212,s,False,310,71,False,164,False,146,True,47,False,24,4,3.14406395,1.642898798,0.60165596,Azul,NA,pocos,ruido,1 AN,1,1,0,0,0,0,0,0,1,0,1,0,1,0,1
381,18,s,True,311,71,True,165,False,146,False,47,False,24,5,2.049168825,0.548390865,0.601529121,Verde,NA,pocos,senal,4 AS,1,4,1,0,0,1,0,1,0,1,0,1,0,1,0
382,463,s,True,312,71,True,166,False,146,False,47,False,24,6,2.649702072,1.148589849,0.501345158,Naranja,NA,muchos,senal,3 BS,1,4,1,1,0,1,0,1,0,1,0,1,0,1,0
383,276,n,True,313,71,False,166,True,147,False,47,False,24,2,2.152729988,0.652424097,0.80232501,Azul,NA,pocos,ruido,1 AN,0,3,1,0,0,0,0,0,0,0,0,0,1,0,1
384,424,s,True,314,71,True,167,False,147,False,47,False,24,6,2.34893012,0.848628044,0.80220294,Azul,NA,muchos,senal,3 BS,1,4,1,1,0,1,0,1,0,1,0,1,0,1,0
385,41,s,True,315,71,True,168,False,147,False,47,False,24,6,2.943300962,1.442213058,0.401259899,Purpura,NA,pocos,senal,4 AS,1,4,1,1,0,1,0,1,0,1,0,1,0,1,0
386,269,n,True,316,71,False,168,True,148,False,47,False,24,1,2.441645145,0.940536976,0.501283169,Azul,NA,pocos,ruido,1 AN,0,3,1,0,0,0,0,0,0,0,0,0,0,0,1
387,544,n,True,317,71,False,168,True,149,False,47,False,24,2,2.549217939,1.048128128,0.601636887,Verde,NA,muchos,ruido,2 BN,0,3,1,0,0,0,0,0,0,0,0,0,1,0,1
389,75,s,True,319,71,True,169,False,150,False,47,False,24,6,2.442477942,0.941331863,0.701749802,Naranja,NA,pocos,senal,4 AS,1,4,1,1,0,1,0,1,0,1,0,1,0,1,0
390,521,n,True,320,71,False,169,True,151,False,47,False,24,3,3.551707029,2.050525904,0.301290035,Verde,NA,muchos,ruido,2 BN,0,3,1,0,0,0,0,0,0,0,1,0,1,0,1
391,255,n,True,321,71,False,169,True,152,False,47,False,24,2,1.651653051,0.150560141,3.308465004,Verde,NA,pocos,ruido,1 AN,0,3,1,0,0,0,0,0,0,0,0,0,1,0,1
392,10,s,True,322,71,True,170,False,152,False,47,False,24,5,2.340466022,0.839359045,0.601660967,Azul,NA,pocos,senal,4 AS,1,4,1,0,0,1,0,1,0,1,0,1,0,1,0
393,265,n,True,323,71,False,170,True,153,False,47,False,24,2,2.755582094,1.254380941,1.203457832,Purpura,NA,pocos,ruido,1 AN,0,3,1,0,0,0,0,0,0,0,0,0,1,0,1
394,389,s,True,324,71,True,171,False,153,False,47,False,24,6,2.757069111,1.255917072,0.602257967,Verde,NA,muchos,senal,3 BS,1,4,1,1,0,1,0,1,0,1,0,1,0,1,0
395,26,s,True,325,71,True,172,False,153,False,47,False,24,6,2.354599953,0.853410006,0.401078939,Azul,NA,pocos,senal,4 AS,1,4,1,1,0,1,0,1,0,1,0,1,0,1,0
396,206,n,True,326,71,False,172,True,154,False,47,False,24,2,3.143010855,1.641957998,0.802129984,Naranja,NA,pocos,ruido,1 AN,0,3,1,0,0,0,0,0,0,0,0,0,1,0,1
397,482,s,False,326,72,False,172,False,154,True,48,False,24,5,3.157073975,1.655900955,0.802299023,Naranja,NA,muchos,ruido,2 BN,1,1,0,0,0,0,1,0,1,0,1,0,1,0,1
398,543,n,True,327,72,False,172,True,155,False,48,False,24,1,4.955066919,3.453981876,1.403994083,Naranja,NA,muchos,ruido,2 BN,0,3,1,0,0,0,0,0,0,0,0,0,0,0,1
399,435,n,False,327,73,False,172,False,155,False,48,True,25,3,7.261797905,5.760686874,0.80232501,Verde,NA,muchos,senal,3 BS,0,2,0,0,0,0,0,0,0,1,0,1,0,1,0
400,523,s,False,327,74,False,172,False,155,True,49,False,25,5,2.04907012,0.547919989,0.401269913,Azul,NA,muchos,ruido,2 BN,1,1,0,0,0,0,1,0,1,0,1,0,1,0,1
402,416,s,True,329,74,True,173,False,156,False,49,False,25,5,2.74909091,1.247990847,0.300858974,Naranja,NA,muchos,senal,3 BS,1,4,1,0,0,1,0,1,0,1,0,1,0,1,0
403,556,n,True,330,74,False,173,True,157,False,49,False,25,2,2.348439217,0.847969055,4.209905863,Naranja,NA,muchos,ruido,2 BN,0,3,1,0,0,0,0,0,0,0,0,0,1,0,1
404,57,s,True,331,74,True,174,False,157,False,49,False,25,5,2.353266001,0.852153778,0.70201993,Purpura,NA,pocos,senal,4 AS,1,4,1,0,0,1,0,1,0,1,0,1,0,1,0
406,470,s,True,333,74,True,175,False,158,False,49,False,25,6,2.153228045,0.652117968,0.501353979,Verde,NA,muchos,senal,3 BS,1,4,1,1,0,1,0,1,0,1,0,1,0,1,0
407,518,n,True,334,74,False,175,True,159,False,49,False,25,2,1.947868109,0.446681023,0.501441002,Verde,NA,muchos,ruido,2 BN,0,3,1,0,0,0,0,0,0,0,0,0,1,0,1
408,551,n,True,335,74,False,175,True,160,False,49,False,25,1,1.847991943,0.346907854,1.203265905,Purpura,NA,muchos,ruido,2 BN,0,3,1,0,0,0,0,0,0,0,0,0,0,0,1
409,120,s,True,336,74,True,176,False,160,False,49,False,25,6,2.855513811,1.354454994,1.70420599,Naranja,NA,pocos,senal,4 AS,1,4,1,1,0,1,0,1,0,1,0,1,0,1,0
410,159,s,True,337,74,True,177,False,160,False,49,False,25,6,2.352633953,0.851572037,0.602013111,Verde,NA,pocos,senal,4 AS,1,4,1,1,0,1,0,1,0,1,0,1,0,1,0
411,484,s,False,337,75,False,177,False,160,True,50,False,25,6,3.755550146,2.255028963,0.802093983,Purpura,NA,muchos,ruido,2 BN,1,1,0,0,1,0,1,0,1,0,1,0,1,0,1
412,91,s,True,338,75,True,178,False,160,False,50,False,25,6,2.454502821,0.95337677,0.401160002,Naranja,NA,pocos,senal,4 AS,1,4,1,1,0,1,0,1,0,1,0,1,0,1,0
413,157,s,True,339,75,True,179,False,160,False,50,False,25,6,2.252178907,0.751179934,0.802113056,Azul,NA,pocos,senal,4 AS,1,4,1,1,0,1,0,1,0,1,0,1,0,1,0
414,277,n,True,340,75,False,179,True,161,False,50,False,25,2,1.951291084,0.450070143,1.00246501,Verde,NA,pocos,ruido,1 AN,0,3,1,0,0,0,0,0,0,0,0,0,1,0,1
415,330,s,True,341,75,True,180,False,161,False,50,False,25,5,2.649214983,1.148115873,1.403751135,Azul,NA,muchos,senal,3 BS,1,4,1,0,0,1,0,1,0,1,0,1,0,1,0
416,259,n,True,342,75,False,180,True,162,False,50,False,25,1,1.952333927,0.451228142,0.701880932,Purpura,NA,pocos,ruido,1 AN,0,3,1,0,0,0,0,0,0,0,0,0,0,0,1
417,493,n,True,343,75,False,180,True,163,False,50,False,25,1,1.648106098,0.147017002,1.002535105,Purpura,NA,muchos,ruido,2 BN,0,3,1,0,0,0,0,0,0,0,0,0,0,0,1
418,452,s,True,344,75,True,181,False,163,False,50,False,25,6,3.451236963,1.950941086,2.105209827,Purpura,NA,muchos,senal,3 BS,1,4,1,1,0,1,0,1,0,1,0,1,0,1,0
419,253,n,True,345,75,False,181,True,164,False,50,False,25,1,4.358105898,2.856981993,1.704493999,Azul,NA,pocos,ruido,1 AN,0,3,1,0,0,0,0,0,0,0,0,0,0,0,1
420,560,n,True,346,75,False,181,True,165,False,50,False,25,1,5.256582022,3.755835056,2.60674715,Verde,NA,muchos,ruido,2 BN,0,3,1,0,0,0,0,0,0,0,0,0,0,0,1
421,336,s,True,347,75,True,182,False,165,False,50,False,25,6,2.649976015,1.148814201,0.902490854,Azul,NA,muchos,senal,3 BS,1,4,1,1,0,1,0,1,0,1,0,1,0,1,0
422,4,n,False,347,76,False,182,False,165,False,50,True,26,3,2.854389906,1.353951931,0.601783991,Azul,NA,pocos,senal,4 AS,0,2,0,0,0,0,0,0,0,1,0,1,0,1,0
423,214,n,True,348,76,False,182,True,166,False,50,False,26,2,2.944182873,1.442998886,1.603963137,Purpura,NA,pocos,ruido,1 AN,0,3,1,0,0,0,0,0,0,0,0,0,1,0,1
424,367,s,True,349,76,True,183,False,166,False,50,False,26,5,2.749750137,1.248699903,0.400910854,Purpura,NA,muchos,senal,3 BS,1,4,1,0,0,1,0,1,0,1,0,1,0,1,0
426,489,s,False,350,77,False,183,False,167,True,51,False,26,5,2.851019859,1.349853039,0.701756001,Verde,NA,muchos,ruido,2 BN,1,1,0,0,0,0,1,0,1,0,1,0,1,0,1
427,378,s,True,351,77,True,184,False,167,False,51,False,26,5,2.849655867,1.348568916,0.501358986,Azul,NA,muchos,senal,3 BS,1,4,1,0,0,1,0,1,0,1,0,1,0,1,0
429,397,s,True,353,77,True,185,False,168,False,51,False,26,4,8.064351797,6.563230991,0.601549864,Azul,NA,muchos,senal,3 BS,1,4,1,0,0,0,0,1,0,1,0,1,0,1,0
430,431,s,True,354,77,True,186,False,168,False,51,False,26,5,3.151131868,1.650003195,0.501358986,Naranja,NA,muchos,senal,3 BS,1,4,1,0,0,1,0,1,0,1,0,1,0,1,0
431,38,s,True,355,77,True,187,False,168,False,51,False,26,5,2.553936005,1.053433895,0.701899052,Purpura,NA,pocos,senal,4 AS,1,4,1,0,0,1,0,1,0,1,0,1,0,1,0
432,568,n,True,356,77,False,187,True,169,False,51,False,26,2,5.455500126,3.954371929,0.601560116,Azul,NA,muchos,ruido,2 BN,0,3,1,0,0,0,0,0,0,0,0,0,1,0,1
433,242,n,True,357,77,False,187,True,170,False,51,False,26,2,2.755161047,1.253996134,9.32314992,Verde,NA,pocos,ruido,1 AN,0,3,1,0,0,0,0,0,0,0,0,0,1,0,1
434,581,n,True,358,77,False,187,True,171,False,51,False,26,1,2.449004889,0.947976828,0.501250982,Naranja,NA,muchos,ruido,2 BN,0,3,1,0,0,0,0,0,0,0,0,0,0,0,1
435,257,n,True,359,77,False,187,True,172,False,51,False,26,1,1.651917934,0.150691032,1.503636837,Naranja,NA,pocos,ruido,1 AN,0,3,1,0,0,0,0,0,0,0,0,0,0,0,1
436,356,s,True,360,77,True,188,False,172,False,51,False,26,5,2.549636126,1.048496008,0.701941967,Naranja,NA,muchos,senal,3 BS,1,4,1,0,0,1,0,1,0,1,0,1,0,1,0
437,155,s,True,361,77,True,189,False,172,False,51,False,26,6,1.852087021,0.351037979,0.601536036,Naranja,NA,pocos,senal,4 AS,1,4,1,1,0,1,0,1,0,1,0,1,0,1,0
438,172,s,False,361,78,False,189,False,172,True,52,False,26,5,2.442706108,0.941603899,0.501402855,Verde,NA,pocos,ruido,1 AN,1,1,0,0,0,0,1,0,1,0,1,0,1,0,1
439,386,s,True,362,78,True,190,False,172,False,52,False,26,6,1.84802413,0.34752512,0.601745129,Verde,NA,muchos,senal,3 BS,1,4,1,1,0,1,0,1,0,1,0,1,0,1,0
441,45,s,True,364,78,True,191,False,173,False,52,False,26,4,2.542541981,1.041483164,0.601433039,Azul,NA,pocos,senal,4 AS,1,4,1,0,0,0,0,1,0,1,0,1,0,1,0
442,100,s,True,365,78,True,192,False,173,False,52,False,26,6,2.653889894,1.153635025,0.301043987,Azul,NA,pocos,senal,4 AS,1,4,1,1,0,1,0,1,0,1,0,1,0,1,0
443,76,s,True,366,78,True,193,False,173,False,52,False,26,6,3.645004988,2.143863916,0.401097059,Verde,NA,pocos,senal,4 AS,1,4,1,1,0,1,0,1,0,1,0,1,0,1,0
444,475,s,True,367,78,True,194,False,173,False,52,False,26,6,2.75002718,1.248897076,0.601573944,Azul,NA,muchos,senal,3 BS,1,4,1,1,0,1,0,1,0,1,0,1,0,1,0
445,229,n,True,368,78,False,194,True,174,False,52,False,26,2,2.35421896,0.853103876,1.103096008,Verde,NA,pocos,ruido,1 AN,0,3,1,0,0,0,0,0,0,0,0,0,1,0,1
446,459,s,True,369,78,True,195,False,174,False,52,False,26,6,2.95152092,1.450418949,1.503607988,Azul,NA,muchos,senal,3 BS,1,4,1,1,0,1,0,1,0,1,0,1,0,1,0
448,112,s,True,371,78,True,196,False,175,False,52,False,26,6,2.349420071,0.848239899,0.601483107,Purpura,NA,pocos,senal,4 AS,1,4,1,1,0,1,0,1,0,1,0,1,0,1,0
449,128,s,True,372,78,True,197,False,175,False,52,False,26,6,2.85491395,1.353776932,0.701800108,Purpura,NA,pocos,senal,4 AS,1,4,1,1,0,1,0,1,0,1,0,1,0,1,0
450,505,s,False,372,79,False,197,False,175,True,53,False,26,5,2.749529839,1.248363972,1.102921009,Verde,NA,muchos,ruido,2 BN,1,1,0,0,0,0,1,0,1,0,1,0,1,0,1
451,528,n,True,373,79,False,197,True,176,False,53,False,26,2,2.750138998,1.249051094,0.501168966,Verde,NA,muchos,ruido,2 BN,0,3,1,0,0,0,0,0,0,0,0,0,1,0,1
452,12,s,True,374,79,True,198,False,176,False,53,False,26,6,2.943702221,1.442662001,2.606261015,Verde,NA,pocos,senal,4 AS,1,4,1,1,0,1,0,1,0,1,0,1,0,1,0
453,127,s,True,375,79,True,199,False,176,False,53,False,26,5,2.752775908,1.251606941,0.601737022,Verde,NA,pocos,senal,4 AS,1,4,1,0,0,1,0,1,0,1,0,1,0,1,0
454,213,n,True,376,79,False,199,True,177,False,53,False,26,2,2.654098988,1.152853012,0.701837778,Verde,NA,pocos,ruido,1 AN,0,3,1,0,0,0,0,0,0,0,0,0,1,0,1
455,7,s,True,377,79,True,200,False,177,False,53,False,26,6,1.853257895,0.352132797,0.80200696,Azul,NA,pocos,senal,4 AS,1,4,1,1,0,1,0,1,0,1,0,1,0,1,0
456,89,s,True,378,79,True,201,False,177,False,53,False,26,6,2.254272938,0.753180981,1.103140116,Purpura,NA,pocos,senal,4 AS,1,4,1,1,0,1,0,1,0,1,0,1,0,1,0
457,236,n,True,379,79,False,201,True,178,False,53,False,26,2,2.542227983,1.041007042,0.601726055,Verde,NA,pocos,ruido,1 AN,0,3,1,0,0,0,0,0,0,0,0,0,1,0,1
458,583,n,True,380,79,False,201,True,179,False,53,False,26,1,1.93820405,0.437027931,0.90278101,Purpura,NA,muchos,ruido,2 BN,0,3,1,0,0,0,0,0,0,0,0,0,0,0,1
459,266,n,True,381,79,False,201,True,180,False,53,False,26,1,1.640111208,0.138930082,1.102699041,Azul,NA,pocos,ruido,1 AN,0,3,1,0,0,0,0,0,0,0,0,0,0,0,1
460,359,s,True,382,79,True,202,False,180,False,53,False,26,5,3.150993824,1.650033951,1.604309797,Naranja,NA,muchos,senal,3 BS,1,4,1,0,0,1,0,1,0,1,0,1,0,1,0
461,418,s,True,383,79,True,203,False,180,False,53,False,26,6,2.355242014,0.854049921,0.902416945,Azul,NA,muchos,senal,3 BS,1,4,1,1,0,1,0,1,0,1,0,1,0,1,0
462,79,s,True,384,79,True,204,False,180,False,53,False,26,6,1.940433979,0.439666986,0.400880098,Verde,NA,pocos,senal,4 AS,1,4,1,1,0,1,0,1,0,1,0,1,0,1,0
463,574,n,True,385,79,False,204,True,181,False,53,False,26,2,2.048082113,0.54696703,0.701805115,Azul,NA,muchos,ruido,2 BN,0,3,1,0,0,0,0,0,0,0,0,0,1,0,1
464,487,n,True,386,79,False,204,True,182,False,53,False,26,2,2.249686003,0.749200106,0.902481794,Purpura,NA,muchos,ruido,2 BN,0,3,1,0,0,0,0,0,0,0,0,0,1,0,1
465,381,s,True,387,79,True,205,False,182,False,53,False,26,5,2.850240946,1.349064827,0.703539133,Azul,NA,muchos,senal,3 BS,1,4,1,0,0,1,0,1,0,1,0,1,0,1,0
466,71,s,True,388,79,True,206,False,182,False,53,False,26,6,2.652896166,1.151781082,0.601479769,Azul,NA,pocos,senal,4 AS,1,4,1,1,0,1,0,1,0,1,0,1,0,1,0
467,384,s,True,389,79,True,207,False,182,False,53,False,26,6,3.342241049,1.841119051,1.503952026,Azul,NA,muchos,senal,3 BS,1,4,1,1,0,1,0,1,0,1,0,1,0,1,0
469,124,s,True,391,79,True,208,False,183,False,53,False,26,6,2.754328966,1.253130913,5.714349031,Verde,NA,pocos,senal,4 AS,1,4,1,1,0,1,0,1,0,1,0,1,0,1,0
470,6,s,True,392,79,True,209,False,183,False,53,False,26,5,2.654477119,1.153266907,0.601632833,Purpura,NA,pocos,senal,4 AS,1,4,1,0,0,1,0,1,0,1,0,1,0,1,0
471,262,n,True,393,79,False,209,True,184,False,53,False,26,1,2.05359602,0.552491903,0.601619005,Purpura,NA,pocos,ruido,1 AN,0,3,1,0,0,0,0,0,0,0,0,0,0,0,1
472,24,s,True,394,79,True,210,False,184,False,53,False,26,5,2.541502953,1.04034996,0.300875902,Naranja,NA,pocos,senal,4 AS,1,4,1,0,0,1,0,1,0,1,0,1,0,1,0
473,376,s,True,395,79,True,211,False,184,False,53,False,26,5,3.651738167,2.15060997,0.802184105,Verde,NA,muchos,senal,3 BS,1,4,1,0,0,1,0,1,0,1,0,1,0,1,0
474,190,n,True,396,79,False,211,True,185,False,53,False,26,2,2.854388952,1.353981972,0.802412987,Naranja,NA,pocos,ruido,1 AN,0,3,1,0,0,0,0,0,0,0,0,0,1,0,1
475,92,s,True,397,79,True,212,False,185,False,53,False,26,6,5.760545015,4.259428978,1.503957033,Verde,NA,pocos,senal,4 AS,1,4,1,1,0,1,0,1,0,1,0,1,0,1,0
476,595,n,True,398,79,False,212,True,186,False,53,False,26,1,2.550023079,1.0488832,1.103138924,Verde,NA,muchos,ruido,2 BN,0,3,1,0,0,0,0,0,0,0,0,0,0,0,1
477,552,n,True,399,79,False,212,True,187,False,53,False,26,1,2.048116922,0.546983957,0.802129984,Azul,NA,muchos,ruido,2 BN,0,3,1,0,0,0,0,0,0,0,0,0,0,0,1
478,98,s,True,400,79,True,213,False,187,False,53,False,26,5,2.554317951,1.053932905,0.902590036,Verde,NA,pocos,senal,4 AS,1,4,1,0,0,1,0,1,0,1,0,1,0,1,0
479,181,n,True,401,79,False,213,True,188,False,53,False,26,3,3.54350996,2.0433321,1.503725052,Verde,NA,pocos,ruido,1 AN,0,3,1,0,0,0,0,0,0,0,1,0,1,0,1
480,354,s,True,402,79,True,214,False,188,False,53,False,26,4,10.56896591,9.067764997,0.602058887,Verde,NA,muchos,senal,3 BS,1,4,1,0,0,0,0,1,0,1,0,1,0,1,0
481,215,n,True,403,79,False,214,True,189,False,53,False,26,2,2.340643883,0.839508057,0.401314974,Azul,NA,pocos,ruido,1 AN,0,3,1,0,0,0,0,0,0,0,0,0,1,0,1
483,562,n,True,405,79,False,214,True,191,False,53,False,26,2,2.352654934,0.852108002,0.401207924,Naranja,NA,muchos,ruido,2 BN,0,3,1,0,0,0,0,0,0,0,0,0,1,0,1
485,414,s,True,407,79,True,215,False,192,False,53,False,26,4,3.852791071,2.351665974,1.103116989,Purpura,NA,muchos,senal,3 BS,1,4,1,0,0,0,0,1,0,1,0,1,0,1,0
486,82,s,True,408,79,True,216,False,192,False,53,False,26,5,2.850282907,1.349090815,0.802180052,Verde,NA,pocos,senal,4 AS,1,4,1,0,0,1,0,1,0,1,0,1,0,1,0
487,353,n,False,408,80,False,216,False,192,False,53,True,27,3,3.658596992,2.157518148,0.902637959,Naranja,NA,muchos,senal,3 BS,0,2,0,0,0,0,0,0,0,1,0,1,0,1,0
488,43,s,True,409,80,True,217,False,192,False,53,False,27,5,2.05826211,0.557126045,0.5012362,Naranja,NA,pocos,senal,4 AS,1,4,1,0,0,1,0,1,0,1,0,1,0,1,0
489,163,s,False,409,81,False,217,False,192,True,54,False,27,4,2.554978848,1.053803921,0.401247978,Purpura,NA,pocos,ruido,1 AN,1,1,0,0,0,0,0,0,1,0,1,0,1,0,1
490,519,n,True,410,81,False,217,True,193,False,54,False,27,3,3.451272011,1.950218916,0.401128054,Purpura,NA,muchos,ruido,2 BN,0,3,1,0,0,0,0,0,0,0,1,0,1,0,1
492,186,n,True,412,81,False,217,True,195,False,54,False,27,2,6.764106989,5.263057947,1.102946997,Azul,NA,pocos,ruido,1 AN,0,3,1,0,0,0,0,0,0,0,0,0,1,0,1
493,132,s,True,413,81,True,218,False,195,False,54,False,27,6,2.453875065,0.952747107,0.701987982,Azul,NA,pocos,senal,4 AS,1,4,1,1,0,1,0,1,0,1,0,1,0,1,0
494,550,n,True,414,81,False,218,True,196,False,54,False,27,2,3.352128029,1.851341009,0.802711964,Verde,NA,muchos,ruido,2 BN,0,3,1,0,0,0,0,0,0,0,0,0,1,0,1
495,331,s,True,415,81,True,219,False,196,False,54,False,27,5,3.653528929,2.152612925,1.503745079,Verde,NA,muchos,senal,3 BS,1,4,1,0,0,1,0,1,0,1,0,1,0,1,0
496,56,s,True,416,81,True,220,False,196,False,54,False,27,5,9.959609985,8.459372044,0.401183128,Naranja,NA,pocos,senal,4 AS,1,4,1,0,0,1,0,1,0,1,0,1,0,1,0
497,442,s,True,417,81,True,221,False,196,False,54,False,27,6,2.749586105,1.248712063,0.501366138,Purpura,NA,muchos,senal,3 BS,1,4,1,1,0,1,0,1,0,1,0,1,0,1,0
498,563,s,False,417,82,False,221,False,196,True,55,False,27,5,5.757007122,4.255846024,0.501296997,Verde,NA,muchos,ruido,2 BN,1,1,0,0,0,0,1,0,1,0,1,0,1,0,1
501,406,s,True,420,82,True,222,False,198,False,55,False,27,5,2.248121977,0.747014999,0.601967812,Purpura,NA,muchos,senal,3 BS,1,4,1,0,0,1,0,1,0,1,0,1,0,1,0
502,93,s,True,421,82,True,223,False,198,False,55,False,27,5,2.854720831,1.353592873,1.202882767,Azul,NA,pocos,senal,4 AS,1,4,1,0,0,1,0,1,0,1,0,1,0,1,0
503,529,s,False,421,83,False,223,False,198,True,56,False,27,5,2.950916052,1.449790001,0.802046061,Azul,NA,muchos,ruido,2 BN,1,1,0,0,0,0,1,0,1,0,1,0,1,0,1
504,30,s,True,422,83,True,224,False,198,False,56,False,27,5,2.454430103,0.953372955,0.50140214,Naranja,NA,pocos,senal,4 AS,1,4,1,0,0,1,0,1,0,1,0,1,0,1,0
505,273,n,True,423,83,False,224,True,199,False,56,False,27,1,2.352637053,0.851544857,0.401164055,Naranja,NA,pocos,ruido,1 AN,0,3,1,0,0,0,0,0,0,0,0,0,0,0,1
507,139,s,True,425,83,True,225,False,200,False,56,False,27,6,2.34245491,0.841274977,0.501361847,Naranja,NA,pocos,senal,4 AS,1,4,1,1,0,1,0,1,0,1,0,1,0,1,0
508,238,n,True,426,83,False,225,True,201,False,56,False,27,2,2.642211914,1.14110899,0.602192879,Naranja,NA,pocos,ruido,1 AN,0,3,1,0,0,0,0,0,0,0,0,0,1,0,1
509,258,n,True,427,83,False,225,True,202,False,56,False,27,2,8.970205784,7.469087839,0.902687073,Verde,NA,pocos,ruido,1 AN,0,3,1,0,0,0,0,0,0,0,0,0,1,0,1
510,579,n,True,428,83,False,225,True,203,False,56,False,27,2,2.248692989,0.747539043,0.50125885,Verde,NA,muchos,ruido,2 BN,0,3,1,0,0,0,0,0,0,0,0,0,1,0,1
511,526,n,True,429,83,False,225,True,204,False,56,False,27,3,3.150218964,1.649154186,0.902311087,Azul,NA,muchos,ruido,2 BN,0,3,1,0,0,0,0,0,0,0,1,0,1,0,1
512,383,s,True,430,83,True,226,False,204,False,56,False,27,4,3.040332079,1.540110111,0.501497984,Purpura,NA,muchos,senal,3 BS,1,4,1,0,0,0,0,1,0,1,0,1,0,1,0
513,532,s,False,430,84,False,226,False,204,True,57,False,27,5,5.454898834,3.953759909,0.701812983,Purpura,NA,muchos,ruido,2 BN,1,1,0,0,0,0,1,0,1,0,1,0,1,0,1
514,334,s,True,431,84,True,227,False,204,False,57,False,27,5,2.450040102,0.949337006,0.402776003,Naranja,NA,muchos,senal,3 BS,1,4,1,0,0,1,0,1,0,1,0,1,0,1,0
515,110,n,False,431,85,False,227,False,204,False,57,True,28,3,3.44460392,1.943499088,0.601714849,Naranja,NA,pocos,senal,4 AS,0,2,0,0,0,0,0,0,0,1,0,1,0,1,0
516,205,n,True,432,85,False,227,True,205,False,57,False,28,2,2.549687862,1.048465967,0.501351118,Azul,NA,pocos,ruido,1 AN,0,3,1,0,0,0,0,0,0,0,0,0,1,0,1
517,512,n,True,433,85,False,227,True,206,False,57,False,28,2,2.148211002,0.647492886,1.102823973,Verde,NA,muchos,ruido,2 BN,0,3,1,0,0,0,0,0,0,0,0,0,1,0,1
518,261,n,True,434,85,False,227,True,207,False,57,False,28,1,2.153003931,0.651897907,0.401131153,Verde,NA,pocos,ruido,1 AN,0,3,1,0,0,0,0,0,0,0,0,0,0,0,1
519,466,n,False,434,86,False,227,False,207,False,57,True,29,2,5.859241962,4.358135939,2.506524086,Naranja,NA,muchos,senal,3 BS,0,2,0,0,0,0,0,0,0,0,0,1,0,1,0
521,577,n,True,436,86,False,227,True,209,False,57,False,29,1,2.455825806,0.954643965,0.701956987,Azul,NA,muchos,ruido,2 BN,0,3,1,0,0,0,0,0,0,0,0,0,0,0,1
522,116,s,True,437,86,True,228,False,209,False,57,False,29,6,2.053697109,0.552777052,1.804282904,Azul,NA,pocos,senal,4 AS,1,4,1,1,0,1,0,1,0,1,0,1,0,1,0
524,230,n,True,439,86,False,228,True,211,False,57,False,29,1,1.851937056,0.350893974,0.902448893,Purpura,NA,pocos,ruido,1 AN,0,3,1,0,0,0,0,0,0,0,0,0,0,0,1
526,35,s,True,441,86,True,229,False,212,False,57,False,29,5,2.353576899,0.852417946,0.701772928,Purpura,NA,pocos,senal,4 AS,1,4,1,0,0,1,0,1,0,1,0,1,0,1,0
527,352,s,True,442,86,True,230,False,212,False,57,False,29,4,2.649861097,1.148803949,1.202883959,Azul,NA,muchos,senal,3 BS,1,4,1,0,0,0,0,1,0,1,0,1,0,1,0
528,508,s,False,442,87,False,230,False,212,True,58,False,29,5,2.149281979,0.648206949,0.601494074,Naranja,NA,muchos,ruido,2 BN,1,1,0,0,0,0,1,0,1,0,1,0,1,0,1
529,538,n,True,443,87,False,230,True,213,False,58,False,29,2,2.649221897,1.148151875,0.701946974,Purpura,NA,muchos,ruido,2 BN,0,3,1,0,0,0,0,0,0,0,0,0,1,0,1
530,85,s,True,444,87,True,231,False,213,False,58,False,29,5,3.143685102,1.642622948,0.501446009,Verde,NA,pocos,senal,4 AS,1,4,1,0,0,1,0,1,0,1,0,1,0,1,0
531,509,n,True,445,87,False,231,True,214,False,58,False,29,2,2.849809885,1.348642111,3.408941031,Purpura,NA,muchos,ruido,2 BN,0,3,1,0,0,0,0,0,0,0,0,0,1,0,1
532,125,s,True,446,87,True,232,False,214,False,58,False,29,5,4.960864067,3.459789991,0.902417898,Azul,NA,pocos,senal,4 AS,1,4,1,0,0,1,0,1,0,1,0,1,0,1,0
533,111,s,True,447,87,True,233,False,214,False,58,False,29,5,2.743148804,1.242040873,0.401239872,Verde,NA,pocos,senal,4 AS,1,4,1,0,0,1,0,1,0,1,0,1,0,1,0
534,44,s,True,448,87,True,234,False,214,False,58,False,29,5,2.951332808,1.450202942,1.603884935,Verde,NA,pocos,senal,4 AS,1,4,1,0,0,1,0,1,0,1,0,1,0,1,0
535,448,s,True,449,87,True,235,False,214,False,58,False,29,6,2.449918985,0.948814869,0.300970793,Verde,NA,muchos,senal,3 BS,1,4,1,1,0,1,0,1,0,1,0,1,0,1,0
538,535,n,True,452,87,False,235,True,217,False,58,False,29,2,5.661401033,4.160385132,0.70255208,Purpura,NA,muchos,ruido,2 BN,0,3,1,0,0,0,0,0,0,0,0,0,1,0,1
539,476,s,True,453,87,True,236,False,217,False,58,False,29,5,3.151260138,1.650158167,1.804900885,Naranja,NA,muchos,senal,3 BS,1,4,1,0,0,1,0,1,0,1,0,1,0,1,0
540,28,s,True,454,87,True,237,False,217,False,58,False,29,6,2.152895927,0.652405024,0.501588821,Verde,NA,pocos,senal,4 AS,1,4,1,1,0,1,0,1,0,1,0,1,0,1,0
541,74,s,True,455,87,True,238,False,217,False,58,False,29,6,2.340230942,0.839138985,1.203133106,Azul,NA,pocos,senal,4 AS,1,4,1,1,0,1,0,1,0,1,0,1,0,1,0
542,349,s,True,456,87,True,239,False,217,False,58,False,29,5,2.449233055,0.948168993,0.401226044,Azul,NA,muchos,senal,3 BS,1,4,1,0,0,1,0,1,0,1,0,1,0,1,0
543,471,s,True,457,87,True,240,False,217,False,58,False,29,6,3.050812006,1.549622059,0.300880194,Purpura,NA,muchos,senal,3 BS,1,4,1,1,0,1,0,1,0,1,0,1,0,1,0
544,513,s,False,457,88,False,240,False,217,True,59,False,29,5,2.6507411,1.149486065,0.30094099,Azul,NA,muchos,ruido,2 BN,1,1,0,0,0,0,1,0,1,0,1,0,1,0,1
545,409,s,True,458,88,True,241,False,217,False,59,False,29,6,2.650103807,1.148932934,0.300958872,Purpura,NA,muchos,senal,3 BS,1,4,1,1,0,1,0,1,0,1,0,1,0,1,0
546,477,s,True,459,88,True,242,False,217,False,59,False,29,5,2.650272131,1.149055004,0.300932884,Purpura,NA,muchos,senal,3 BS,1,4,1,0,0,1,0,1,0,1,0,1,0,1,0
547,150,s,True,460,88,True,243,False,217,False,59,False,29,6,3.055500984,1.554304838,0.701997042,Purpura,NA,pocos,senal,4 AS,1,4,1,1,0,1,0,1,0,1,0,1,0,1,0
548,391,s,True,461,88,True,244,False,217,False,59,False,29,5,2.549247026,1.048163891,0.501352072,Naranja,NA,muchos,senal,3 BS,1,4,1,0,0,1,0,1,0,1,0,1,0,1,0
549,133,s,True,462,88,True,245,False,217,False,59,False,29,5,3.056245089,1.555105925,2.105316162,Verde,NA,pocos,senal,4 AS,1,4,1,0,0,1,0,1,0,1,0,1,0,1,0
550,72,s,True,463,88,True,246,False,217,False,59,False,29,5,5.561266184,4.060255051,0.80216217,Naranja,NA,pocos,senal,4 AS,1,4,1,0,0,1,0,1,0,1,0,1,0,1,0
551,450,s,True,464,88,True,247,False,217,False,59,False,29,6,2.652910948,1.15259099,0.501329899,Naranja,NA,muchos,senal,3 BS,1,4,1,1,0,1,0,1,0,1,0,1,0,1,0
553,223,n,True,466,88,False,247,True,219,False,59,False,29,1,2.453597069,0.952512026,1.905194998,Verde,NA,pocos,ruido,1 AN,0,3,1,0,0,0,0,0,0,0,0,0,0,0,1
554,355,s,True,467,88,True,248,False,219,False,59,False,29,5,2.550698996,1.049500942,0.501543045,Azul,NA,muchos,senal,3 BS,1,4,1,0,0,1,0,1,0,1,0,1,0,1,0
555,366,s,True,468,88,True,249,False,219,False,59,False,29,5,4.455852032,2.954736948,1.404272079,Naranja,NA,muchos,senal,3 BS,1,4,1,0,0,1,0,1,0,1,0,1,0,1,0
556,387,s,True,469,88,True,250,False,219,False,59,False,29,5,2.440110922,0.938996792,0.902287006,Azul,NA,muchos,senal,3 BS,1,4,1,0,0,1,0,1,0,1,0,1,0,1,0
557,502,n,True,470,88,False,250,True,220,False,59,False,29,2,3.852706909,2.351541996,0.702011108,Verde,NA,muchos,ruido,2 BN,0,3,1,0,0,0,0,0,0,0,0,0,1,0,1
558,279,n,True,471,88,False,250,True,221,False,59,False,29,1,2.053165913,0.552083969,0.40161705,Azul,NA,pocos,ruido,1 AN,0,3,1,0,0,0,0,0,0,0,0,0,0,0,1
559,218,n,True,472,88,False,250,True,222,False,59,False,29,2,1.951592207,0.450540066,1.203029156,Azul,NA,pocos,ruido,1 AN,0,3,1,0,0,0,0,0,0,0,0,0,1,0,1
560,42,s,True,473,88,True,251,False,222,False,59,False,29,5,2.849915981,1.348854065,1.102970123,Azul,NA,pocos,senal,4 AS,1,4,1,0,0,1,0,1,0,1,0,1,0,1,0
562,216,n,True,475,88,False,251,True,224,False,59,False,29,2,1.647022009,0.14583993,0.501411915,Naranja,NA,pocos,ruido,1 AN,0,3,1,0,0,0,0,0,0,0,0,0,1,0,1
563,217,n,True,476,88,False,251,True,225,False,59,False,29,3,2.254110098,0.753002882,0.802195072,Purpura,NA,pocos,ruido,1 AN,0,3,1,0,0,0,0,0,0,0,1,0,1,0,1
565,62,s,True,478,88,True,252,False,226,False,59,False,29,5,2.954293013,1.453252077,0.803528786,Naranja,NA,pocos,senal,4 AS,1,4,1,0,0,1,0,1,0,1,0,1,0,1,0
566,17,s,True,479,88,True,253,False,226,False,59,False,29,6,2.042085886,0.541888952,0.601439953,Naranja,NA,pocos,senal,4 AS,1,4,1,1,0,1,0,1,0,1,0,1,0,1,0
567,360,s,True,480,88,True,254,False,226,False,59,False,29,5,2.352355003,0.851708174,0.802111149,Verde,NA,muchos,senal,3 BS,1,4,1,0,0,1,0,1,0,1,0,1,0,1,0
568,199,n,True,481,88,False,254,True,227,False,59,False,29,2,2.553775072,1.053395987,0.401193857,Azul,NA,pocos,ruido,1 AN,0,3,1,0,0,0,0,0,0,0,0,0,1,0,1
569,439,s,True,482,88,True,255,False,227,False,59,False,29,4,2.750173807,1.249113798,0.501247883,Purpura,NA,muchos,senal,3 BS,1,4,1,0,0,0,0,1,0,1,0,1,0,1,0
570,559,n,True,483,88,False,255,True,228,False,59,False,29,2,5.048121929,3.54706502,0.601849079,Naranja,NA,muchos,ruido,2 BN,0,3,1,0,0,0,0,0,0,0,0,0,1,0,1
571,240,n,True,484,88,False,255,True,229,False,59,False,29,2,2.141450882,0.640366793,0.60155797,Purpura,NA,pocos,ruido,1 AN,0,3,1,0,0,0,0,0,0,0,0,0,1,0,1
572,368,s,True,485,88,True,256,False,229,False,59,False,29,5,2.754995108,1.253939152,0.401151896,Azul,NA,muchos,senal,3 BS,1,4,1,0,0,1,0,1,0,1,0,1,0,1,0
573,420,s,True,486,88,True,257,False,229,False,59,False,29,5,2.447614908,0.946515083,1.203644037,Verde,NA,muchos,senal,3 BS,1,4,1,0,0,1,0,1,0,1,0,1,0,1,0
574,438,s,True,487,88,True,258,False,229,False,59,False,29,5,2.549147129,1.048011065,0.601540089,Verde,NA,muchos,senal,3 BS,1,4,1,0,0,1,0,1,0,1,0,1,0,1,0
575,468,s,True,488,88,True,259,False,229,False,59,False,29,5,3.85709095,2.355979919,3.408905029,Purpura,NA,muchos,senal,3 BS,1,4,1,0,0,1,0,1,0,1,0,1,0,1,0
576,395,n,False,488,89,False,259,False,229,False,59,True,30,3,2.649945021,1.148892879,0.601545095,Verde,NA,muchos,senal,3 BS,0,2,0,0,0,0,0,0,0,1,0,1,0,1,0
577,264,n,True,489,89,False,259,True,230,False,59,False,30,2,2.152996063,0.651926041,0.802440882,Naranja,NA,pocos,ruido,1 AN,0,3,1,0,0,0,0,0,0,0,0,0,1,0,1
578,500,s,False,489,90,False,259,False,230,True,60,False,30,5,3.343118906,1.841905832,1.303196907,Purpura,NA,muchos,ruido,2 BN,1,1,0,0,0,0,1,0,1,0,1,0,1,0,1
579,587,n,True,490,90,False,259,True,231,False,60,False,30,2,3.150886774,1.650328875,0.501298189,Azul,NA,muchos,ruido,2 BN,0,3,1,0,0,0,0,0,0,0,0,0,1,0,1
580,547,n,True,491,90,False,259,True,232,False,60,False,30,3,2.950205088,1.449004889,0.60156703,Verde,NA,muchos,ruido,2 BN,0,3,1,0,0,0,0,0,0,0,1,0,1,0,1
581,545,n,True,492,90,False,259,True,233,False,60,False,30,3,3.25180006,1.750638008,0.601603031,Azul,NA,muchos,ruido,2 BN,0,3,1,0,0,0,0,0,0,0,1,0,1,0,1
582,121,s,True,493,90,True,260,False,233,False,60,False,30,5,2.354201078,0.853733063,0.701859951,Purpura,NA,pocos,senal,4 AS,1,4,1,0,0,1,0,1,0,1,0,1,0,1,0
583,396,s,True,494,90,True,261,False,233,False,60,False,30,5,2.248161078,0.747082949,0.701884031,Purpura,NA,muchos,senal,3 BS,1,4,1,0,0,1,0,1,0,1,0,1,0,1,0
584,440,s,True,495,90,True,262,False,233,False,60,False,30,5,1.847308159,0.34611702,0.5014081,Azul,NA,muchos,senal,3 BS,1,4,1,0,0,1,0,1,0,1,0,1,0,1,0
585,171,s,False,495,91,False,262,False,233,True,61,False,30,5,3.644665957,2.143536806,0.601589203,Naranja,NA,pocos,ruido,1 AN,1,1,0,0,0,0,1,0,1,0,1,0,1,0,1
586,485,n,True,496,91,False,262,True,234,False,61,False,30,3,2.148997068,0.647818089,0.501354933,Naranja,NA,muchos,ruido,2 BN,0,3,1,0,0,0,0,0,0,0,1,0,1,0,1
587,267,n,True,497,91,False,262,True,235,False,61,False,30,2,1.951251984,0.450108051,0.501371861,Naranja,NA,pocos,ruido,1 AN,0,3,1,0,0,0,0,0,0,0,0,0,1,0,1
588,534,n,True,498,91,False,262,True,236,False,61,False,30,3,2.554880142,1.053731918,0.300906181,Verde,NA,muchos,ruido,2 BN,0,3,1,0,0,0,0,0,0,0,1,0,1,0,1
589,11,s,True,499,91,True,263,False,236,False,61,False,30,5,2.642441034,1.141299009,0.70187211,Naranja,NA,pocos,senal,4 AS,1,4,1,0,0,1,0,1,0,1,0,1,0,1,0
591,325,s,True,501,91,True,264,False,237,False,61,False,30,4,2.539363861,1.038254976,0.50125885,Verde,NA,muchos,senal,3 BS,1,4,1,0,0,0,0,1,0,1,0,1,0,1,0
592,156,s,True,502,91,True,265,False,237,False,61,False,30,5,2.553883076,1.052759171,1.002496004,Verde,NA,pocos,senal,4 AS,1,4,1,0,0,1,0,1,0,1,0,1,0,1,0
593,167,n,True,503,91,False,265,True,238,False,61,False,30,3,2.655148983,1.154005051,0.501459122,Azul,NA,pocos,ruido,1 AN,0,3,1,0,0,0,0,0,0,0,1,0,1,0,1
594,427,s,True,504,91,True,266,False,238,False,61,False,30,5,2.550113916,1.049022913,0.401205063,Azul,NA,muchos,senal,3 BS,1,4,1,0,0,1,0,1,0,1,0,1,0,1,0
595,162,s,False,504,92,False,266,False,238,True,62,False,30,6,2.754948854,1.253834009,1.00257802,Verde,NA,pocos,ruido,1 AN,1,1,0,0,1,0,1,0,1,0,1,0,1,0,1
596,250,n,True,505,92,False,266,True,239,False,62,False,30,3,5.054918051,3.55447793,0.501542091,Azul,NA,pocos,ruido,1 AN,0,3,1,0,0,0,0,0,0,0,1,0,1,0,1
597,417,s,True,506,92,True,267,False,239,False,62,False,30,5,3.050256968,1.549107075,1.102920055,Verde,NA,muchos,senal,3 BS,1,4,1,0,0,1,0,1,0,1,0,1,0,1,0
598,138,s,True,507,92,True,268,False,239,False,62,False,30,5,5.648729086,4.147561073,1.503862858,Azul,NA,pocos,senal,4 AS,1,4,1,0,0,1,0,1,0,1,0,1,0,1,0
599,246,n,True,508,92,False,268,True,240,False,62,False,30,2,2.642734051,1.141594887,1.002646923,Purpura,NA,pocos,ruido,1 AN,0,3,1,0,0,0,0,0,0,0,0,0,1,0,1
600,84,s,True,509,92,True,269,False,240,False,62,False,30,5,2.549214125,1.048009157,1.70418191,Azul,NA,pocos,senal,4 AS,1,4,1,0,0,1,0,1,0,1,0,1,0,1,0
601,197,n,True,510,92,False,269,True,241,False,62,False,30,2,2.554254055,1.054020166,1.30331707,Verde,NA,pocos,ruido,1 AN,0,3,1,0,0,0,0,0,0,0,0,0,1,0,1
602,541,n,True,511,92,False,269,True,242,False,62,False,30,2,3.451397896,1.950316906,1.604086161,Purpura,NA,muchos,ruido,2 BN,0,3,1,0,0,0,0,0,0,0,0,0,1,0,1
603,362,s,True,512,92,True,270,False,242,False,62,False,30,5,3.450972795,1.949849129,2.305774927,Azul,NA,muchos,senal,3 BS,1,4,1,0,0,1,0,1,0,1,0,1,0,1,0
604,166,n,True,513,92,False,270,True,243,False,62,False,30,2,3.154716015,1.653637171,2.005477905,Purpura,NA,pocos,ruido,1 AN,0,3,1,0,0,0,0,0,0,0,0,0,1,0,1
605,137,s,True,514,92,True,271,False,243,False,62,False,30,5,2.742561102,1.241391897,1.804666042,Purpura,NA,pocos,senal,4 AS,1,4,1,0,0,1,0,1,0,1,0,1,0,1,0
606,81,s,True,515,92,True,272,False,243,False,62,False,30,5,2.954829931,1.453687906,0.601455927,Naranja,NA,pocos,senal,4 AS,1,4,1,0,0,1,0,1,0,1,0,1,0,1,0
608,146,s,True,517,92,True,273,False,244,False,62,False,30,6,2.654436827,1.153254986,2.506202936,Verde,NA,pocos,senal,4 AS,1,4,1,1,0,1,0,1,0,1,0,1,0,1,0
609,399,n,False,517,93,False,273,False,244,False,62,True,31,2,3.251008034,1.749912024,0.701745987,Purpura,NA,muchos,senal,3 BS,0,2,0,0,0,0,0,0,0,0,0,1,0,1,0
610,429,s,True,518,93,True,274,False,244,False,62,False,31,5,2.448894978,0.947733879,0.601622105,Purpura,NA,muchos,senal,3 BS,1,4,1,0,0,1,0,1,0,1,0,1,0,1,0
612,576,n,True,520,93,False,274,True,246,False,62,False,31,2,1.851668119,0.350962162,1.003282785,Verde,NA,muchos,ruido,2 BN,0,3,1,0,0,0,0,0,0,0,0,0,1,0,1
613,119,s,True,521,93,True,275,False,246,False,62,False,31,6,2.553318024,1.052180052,0.401129007,Azul,NA,pocos,senal,4 AS,1,4,1,1,0,1,0,1,0,1,0,1,0,1,0
614,123,s,True,522,93,True,276,False,246,False,62,False,31,6,2.553655148,1.052504063,4.110409021,Naranja,NA,pocos,senal,4 AS,1,4,1,1,0,1,0,1,0,1,0,1,0,1,0
615,54,s,True,523,93,True,277,False,246,False,62,False,31,5,2.950417995,1.449192047,0.601592064,Purpura,NA,pocos,senal,4 AS,1,4,1,0,0,1,0,1,0,1,0,1,0,1,0
616,280,n,True,524,93,False,277,True,247,False,62,False,31,2,1.851706982,0.350660086,0.601660967,Naranja,NA,pocos,ruido,1 AN,0,3,1,0,0,0,0,0,0,0,0,0,1,0,1
618,247,n,True,526,93,False,277,True,249,False,62,False,31,2,4.759889126,3.258825064,0.601493835,Azul,NA,pocos,ruido,1 AN,0,3,1,0,0,0,0,0,0,0,0,0,1,0,1
619,499,s,False,526,94,False,277,False,249,True,63,False,31,5,2.549721956,1.048602104,0.701973915,Verde,NA,muchos,ruido,2 BN,1,1,0,0,0,0,1,0,1,0,1,0,1,0,1
620,436,s,True,527,94,True,278,False,249,False,63,False,31,5,1.848412037,0.348255157,0.801931858,Purpura,NA,muchos,senal,3 BS,1,4,1,0,0,1,0,1,0,1,0,1,0,1,0
621,105,s,True,528,94,True,279,False,249,False,63,False,31,5,2.954434156,1.453311205,1.604310036,Purpura,NA,pocos,senal,4 AS,1,4,1,0,0,1,0,1,0,1,0,1,0,1,0
622,327,s,True,529,94,True,280,False,249,False,63,False,31,5,4.153425217,2.652261019,1.503693104,Naranja,NA,muchos,senal,3 BS,1,4,1,0,0,1,0,1,0,1,0,1,0,1,0
623,374,s,True,530,94,True,281,False,249,False,63,False,31,6,2.951359987,1.45025301,0.701828003,Purpura,NA,muchos,senal,3 BS,1,4,1,1,0,1,0,1,0,1,0,1,0,1,0
624,228,n,True,531,94,False,281,True,250,False,63,False,31,2,3.656265974,2.155174017,1.403711081,Azul,NA,pocos,ruido,1 AN,0,3,1,0,0,0,0,0,0,0,0,0,1,0,1
625,224,n,True,532,94,False,281,True,251,False,63,False,31,3,3.255424976,1.754760027,0.401149988,Purpura,NA,pocos,ruido,1 AN,0,3,1,0,0,0,0,0,0,0,1,0,1,0,1
626,375,n,False,532,95,False,281,False,251,False,63,True,32,3,3.651695967,2.15058589,0.601704836,Naranja,NA,muchos,senal,3 BS,0,2,0,0,0,0,0,0,0,1,0,1,0,1,0
628,515,n,True,534,95,False,281,True,253,False,63,False,32,2,2.652854204,1.152467012,0.401037931,Verde,NA,muchos,ruido,2 BN,0,3,1,0,0,0,0,0,0,0,0,0,1,0,1
630,47,s,True,536,95,True,282,False,254,False,63,False,32,6,2.743210077,1.242942095,0.902591944,Verde,NA,pocos,senal,4 AS,1,4,1,1,0,1,0,1,0,1,0,1,0,1,0
631,445,s,True,537,95,True,283,False,254,False,63,False,32,6,2.348130941,0.847026825,0.501250029,Purpura,NA,muchos,senal,3 BS,1,4,1,1,0,1,0,1,0,1,0,1,0,1,0
632,385,n,False,537,96,False,283,False,254,False,63,True,33,3,2.449581862,0.948431969,1.00274992,Naranja,NA,muchos,senal,3 BS,0,2,0,0,0,0,0,0,0,1,0,1,0,1,0
633,569,n,True,538,96,False,283,True,255,False,63,False,33,2,2.449935198,0.94932723,0.50139904,Verde,NA,muchos,ruido,2 BN,0,3,1,0,0,0,0,0,0,0,0,0,1,0,1
634,467,s,True,539,96,True,284,False,255,False,63,False,33,6,2.348775864,0.847541809,3.508178949,Verde,NA,muchos,senal,3 BS,1,4,1,1,0,1,0,1,0,1,0,1,0,1,0
635,537,s,False,539,97,False,284,False,255,True,64,False,33,5,3.350626946,1.849544048,0.300992012,Verde,NA,muchos,ruido,2 BN,1,1,0,0,0,0,1,0,1,0,1,0,1,0,1
636,345,n,False,539,98,False,284,False,255,False,64,True,34,3,2.749655962,1.248522997,1.303313017,Purpura,NA,muchos,senal,3 BS,0,2,0,0,0,0,0,0,0,1,0,1,0,1,0
637,388,s,True,540,98,True,285,False,255,False,64,False,34,4,4.25364995,2.752487898,0.701730013,Naranja,NA,muchos,senal,3 BS,1,4,1,0,0,0,0,1,0,1,0,1,0,1,0
638,126,s,True,541,98,True,286,False,255,False,64,False,34,5,2.154122114,0.65300107,1.404196024,Naranja,NA,pocos,senal,4 AS,1,4,1,0,0,1,0,1,0,1,0,1,0,1,0
639,272,n,True,542,98,False,286,True,256,False,64,False,34,1,1.852061987,0.350960016,0.501253843,Purpura,NA,pocos,ruido,1 AN,0,3,1,0,0,0,0,0,0,0,0,0,0,0,1
